0                                     
 0.000000000000000000014837277567258382
 0.00004181056492638354                
 0.00015632987254080914                
 0.00028533237934384736                
 0.00028280347612842519                
-0.00000000000000000052238122465386389 
-0.00058352376256077577                
-0.0012650448244218213                 
-0.0016423893992421165                 
-0.001285571117775704                  
 0.0000000000000000016626709069665563  
 0.0019494033270163014                 
 0.0038007192299157238                 
 0.0045281468011937973                 
 0.0033025385586246104                 
-0.000000000000000003222033796995031   
-0.004495583070657963                  
-0.0084112022423853544                 
-0.0096821860459989396                 
-0.0068637409868716089                 
 0.0000000000000000049082695747799037  
 0.0089696178251038577                 
 0.016568210649062387                  
 0.018925205045367047                  
 0.013385607885107747                  
-0.0000000000000000064054039171238928  
-0.017748478073691482                  
-0.03342275320525772                   
-0.039346086224991778                  
-0.029101089043474641                  
 0.0000000000000000074328971647517233  
 0.045374918980188327                  
 0.099214798310675326                  
 0.15025157480556112                   
 0.18678665211995316                   
 0.20004795633324177                   
 0.18678665211995316                   
 0.15025157480556112                   
 0.099214798310675326                  
 0.045374918980188327                  
 0.0000000000000000074328971647517233  
-0.029101089043474641                  
-0.039346086224991778                  
-0.03342275320525772                   
-0.017748478073691482                  
-0.0000000000000000064054039171238928  
 0.013385607885107747                  
 0.018925205045367047                  
 0.016568210649062387                  
 0.0089696178251038577                 
 0.0000000000000000049082695747799037  
-0.0068637409868716089                 
-0.0096821860459989396                 
-0.0084112022423853544                 
-0.004495583070657963                  
-0.000000000000000003222033796995031   
 0.0033025385586246104                 
 0.0045281468011937973                 
 0.0038007192299157238                 
 0.0019494033270163014                 
 0.0000000000000000016626709069665563  
-0.001285571117775704                  
-0.0016423893992421165                 
-0.0012650448244218213                 
-0.00058352376256077577                
-0.00000000000000000052238122465386389 
 0.00028280347612842519                
 0.00028533237934384736                
 0.00015632987254080914                
 0.00004181056492638354                
 0.000000000000000000014837277567258382
 0                                     

                                      

