0.000000
0.000000
0.000125
0.000485
0.000890
0.000970
0.000409
-0.000967
-0.002905
-0.004515
-0.004668
-0.002608
0.001629
0.006864
0.010818
0.011040
0.006156
-0.003273
-0.014362
-0.022419
-0.022760
-0.012948
0.005617
0.027186
0.042840
0.043627
0.024493
-0.012602
-0.057255
-0.091854
-0.095837
-0.051577
0.050063
0.205977
0.400284
0.607767
0.800067
0.952583
1.050409
1.091483
1.085747
1.051104
1.007823
0.972842
0.955741
0.957768
0.973524
0.994152
1.011112
1.019178
1.017426
1.008530
0.997120
0.987666
0.982756
0.982678
0.985948
0.990185
0.993245
0.994107
0.992871
0.990316
0.987497
0.985225
0.983691
0.982671
0.981868
0.980978
0.979838
0.978557
0.977268
0.975936
0.974527
0.973091
0.971648
0.970135
0.968572
0.967010
0.965398
0.963716
0.962027
0.960312
0.958521
0.956704
0.954880
0.952987
0.951045
0.949104
0.947114
0.945054
0.942989
0.940899
0.938732
0.936541
0.934344
0.932079
0.929764
0.927452
0.925092
0.922663
0.920230
0.917772
0.915239
0.912682
0.910120
0.907491
0.904814
0.902140
0.899419
0.896631
0.893838
0.891023
0.888133
0.885221
0.882304
0.879322
0.876293
0.873268
0.870197
0.867059
0.863920
0.860757
0.857522
0.854266
0.851007
0.847683
0.844313
0.840949
0.837540
0.834066
0.830591
0.827095
0.823527
0.819939
0.816350
0.812698
0.809001
0.805311
0.801578
0.797781
0.793984
0.790168
0.786282
0.782377
0.778472
0.774505
0.770496
0.766495
0.762452
0.758347
0.754244
0.750123
0.745933
0.741727
0.737522
0.733256
0.728950
0.724654
0.720317
0.715920
0.711527
0.707117
0.702641
0.698149
0.693661
0.689113
0.684527
0.679953
0.675340
0.670668
0.666002
0.661321
0.656575
0.651816
0.647062
0.642251
0.637403
0.632568
0.627697
0.622769
0.617848
0.612915
0.607918
0.602910
0.597909
0.592854
0.587763
0.582687
0.577576
0.572412
0.567256
0.562090
0.556862
0.551625
0.546397
0.541117
0.535803
0.530506
0.525177
0.519795
0.514425
0.509046
0.503608
0.498163
0.492729
0.487244
0.481728
0.476232
0.470705
0.465128
0.459564
0.453994
0.448367
0.442734
0.437116
0.431448
0.425752
0.420078
0.414375
0.408624
0.402889
0.397150
0.391356
0.385559
0.379777
0.373950
0.368096
0.362266
0.356410
0.350508
0.344624
0.338738
0.332800
0.326861
0.320940
0.314976
0.308987
0.303024
0.297038
0.291008
0.284999
0.278990
0.272931
0.266874
0.260837
0.254758
0.248658
0.242587
0.236494
0.230360
0.224249
0.218140
0.211985
0.205833
0.199704
0.193536
0.187348
0.181192
0.175016
0.168803
0.162614
0.156430
0.150202
0.143979
0.137783
0.131549
0.125299
0.119082
0.112848
0.106579
0.100337
0.094103
0.087826
0.081558
0.075318
0.069043
0.062755
0.056502
0.050235
0.043935
0.037664
0.031404
0.025103
0.018814
0.012556
0.006265
-0.000037
-0.006301
-0.012577
-0.018883
-0.025157
-0.031419
-0.037718
-0.044003
-0.050256
-0.056538
-0.062829
-0.069079
-0.075339
-0.081627
-0.087880
-0.094118
-0.100391
-0.106647
-0.112869
-0.119117
-0.125373
-0.131584
-0.137803
-0.144048
-0.150255
-0.156445
-0.162667
-0.168871
-0.175036
-0.181227
-0.187422
-0.193571
-0.199724
-0.205901
-0.212038
-0.218155
-0.224302
-0.230428
-0.236513
-0.242621
-0.248731
-0.254793
-0.260856
-0.266941
-0.272983
-0.279003
-0.285051
-0.291075
-0.297057
-0.303058
-0.309059
-0.315009
-0.320959
-0.326927
-0.332851
-0.338751
-0.344675
-0.350574
-0.356427
-0.362299
-0.368167
-0.373982
-0.379795
-0.385624
-0.391406
-0.397161
-0.402939
-0.408689
-0.414392
-0.420109
-0.425822
-0.431480
-0.437132
-0.442799
-0.448416
-0.454004
-0.459613
-0.465191
-0.470720
-0.476262
-0.481797
-0.487274
-0.492744
-0.498226
-0.503656
-0.509055
-0.514473
-0.519858
-0.525191
-0.530535
-0.535870
-0.541145
-0.546411
-0.551686
-0.556909
-0.562097
-0.567302
-0.572473
-0.577589
-0.582714
-0.587829
-0.592881
-0.597921
-0.602970
-0.607963
-0.612921
-0.617893
-0.622828
-0.627708
-0.632594
-0.637467
-0.642276
-0.647072
-0.651874
-0.656618
-0.661325
-0.666045
-0.670725
-0.675349
-0.679977
-0.684590
-0.689137
-0.693669
-0.698205
-0.702682
-0.707119
-0.711568
-0.715976
-0.720324
-0.724676
-0.729011
-0.733278
-0.737528
-0.741781
-0.745972
-0.750123
-0.754283
-0.758400
-0.762457
-0.766515
-0.770554
-0.774525
-0.778477
-0.782429
-0.786319
-0.790166
-0.794021
-0.797832
-0.801580
-0.805329
-0.809057
-0.812715
-0.816352
-0.819989
-0.823562
-0.827090
-0.830625
-0.834115
-0.837540
-0.840964
-0.844367
-0.847697
-0.851006
-0.854313
-0.857555
-0.860751
-0.863951
-0.867106
-0.870195
-0.873281
-0.876344
-0.879334
-0.882302
-0.885266
-0.888163
-0.891014
-0.893868
-0.896675
-0.899415
-0.902151
-0.904863
-0.907501
-0.910115
-0.912724
-0.915266
-0.917760
-0.920257
-0.922705
-0.925085
-0.927460
-0.929811
-0.932086
-0.934336
-0.936581
-0.938757
-0.940884
-0.943013
-0.945093
-0.947104
-0.949109
-0.951089
-0.952992
-0.954870
-0.956741
-0.958543
-0.960295
-0.962049
-0.963751
-0.965385
-0.967013
-0.968613
-0.970137
-0.971635
-0.973125
-0.974546
-0.975916
-0.977287
-0.978606
-0.979856
-0.981099
-0.982315
-0.983453
-0.984565
-0.985669
-0.986702
-0.987685
-0.988668
-0.989599
-0.990460
-0.991314
-0.992140
-0.992888
-0.993609
-0.994323
-0.994965
-0.995556
-0.996147
-0.996687
-0.997155
-0.997616
-0.998049
-0.998404
-0.998732
-0.999052
-0.999301
-0.999498
-0.999695
-0.999840
-0.999915
-0.999981
-1.000020
-0.999980
-0.999914
-0.999839
-0.999693
-0.999495
-0.999298
-0.999048
-0.998728
-0.998400
-0.998044
-0.997610
-0.997149
-0.996679
-0.996139
-0.995548
-0.994956
-0.994313
-0.993599
-0.992878
-0.992129
-0.991302
-0.990448
-0.989587
-0.988654
-0.987671
-0.986688
-0.985654
-0.984549
-0.983437
-0.982298
-0.981082
-0.979839
-0.978588
-0.977267
-0.975896
-0.974526
-0.973104
-0.971613
-0.970115
-0.968591
-0.966989
-0.965362
-0.963728
-0.962024
-0.960270
-0.958518
-0.956715
-0.954843
-0.952965
-0.951061
-0.949081
-0.947075
-0.945064
-0.942983
-0.940854
-0.938726
-0.936549
-0.934304
-0.932053
-0.929778
-0.927426
-0.925051
-0.922670
-0.920221
-0.917724
-0.915230
-0.912687
-0.910077
-0.907463
-0.904825
-0.902112
-0.899376
-0.896635
-0.893827
-0.890973
-0.888122
-0.885224
-0.882259
-0.879292
-0.876301
-0.873237
-0.870151
-0.867061
-0.863906
-0.860705
-0.857509
-0.854266
-0.850959
-0.847650
-0.844319
-0.840915
-0.837491
-0.834065
-0.830575
-0.827040
-0.823511
-0.819938
-0.816300
-0.812663
-0.809004
-0.805275
-0.801527
-0.797778
-0.793966
-0.790111
-0.786264
-0.782373
-0.778420
-0.774468
-0.770497
-0.766457
-0.762399
-0.758342
-0.754223
-0.750064
-0.745913
-0.741720
-0.737467
-0.733217
-0.728949
-0.724614
-0.720262
-0.715913
-0.711504
-0.707056
-0.702618
-0.698141
-0.693604
-0.689072
-0.684524
-0.679911
-0.675283
-0.670659
-0.665977
-0.661258
-0.656551
-0.651806
-0.647003
-0.642208
-0.637398
-0.632524
-0.627638
-0.622758
-0.617822
-0.612850
-0.607892
-0.602898
-0.597849
-0.592809
-0.587756
-0.582641
-0.577516
-0.572399
-0.567228
-0.562023
-0.556834
-0.551611
-0.546336
-0.541070
-0.535794
-0.530459
-0.525115
-0.519781
-0.514395
-0.508978
-0.503579
-0.498148
-0.492666
-0.487196
-0.481718
-0.476183
-0.470641
-0.465112
-0.459533
-0.453924
-0.448336
-0.442718
-0.437051
-0.431399
-0.425741
-0.420028
-0.414310
-0.408607
-0.402857
-0.397079
-0.391324
-0.385541
-0.379712
-0.373899
-0.368084
-0.362215
-0.356344
-0.350490
-0.344591
-0.338666
-0.332767
-0.326842
-0.320874
-0.314924
-0.308974
-0.302972
-0.296971
-0.290989
-0.284964
-0.278917
-0.272897
-0.266854
-0.260769
-0.254706
-0.248644
-0.242534
-0.236426
-0.230340
-0.224214
-0.218067
-0.211950
-0.205813
-0.199636
-0.193483
-0.187334
-0.181138
-0.174948
-0.168783
-0.162578
-0.156356
-0.150167
-0.143959
-0.137714
-0.131496
-0.125284
-0.119028
-0.112780
-0.106558
-0.100301
-0.094028
-0.087791
-0.081537
-0.075249
-0.068990
-0.062739
-0.056448
-0.050166
-0.043914
-0.037628
-0.031329
-0.025068
-0.018793
-0.012487
-0.006212
0.000053
0.006355
0.012645
0.018904
0.025194
0.031493
0.037753
0.044024
0.050325
0.056591
0.062844
0.069133
0.075407
0.081647
0.087916
0.094192
0.100426
0.106668
0.112938
0.119171
0.125388
0.131639
0.137871
0.144068
0.150291
0.156519
0.162702
0.168891
0.175105
0.181280
0.187436
0.193624
0.199792
0.205920
0.212073
0.218228
0.224336
0.230448
0.236581
0.242673
0.248745
0.254846
0.260923
0.266960
0.273018
0.279076
0.285084
0.291094
0.297124
0.303109
0.309072
0.315061
0.321025
0.326946
0.332885
0.338822
0.344708
0.350592
0.356494
0.362349
0.368179
0.374034
0.379860
0.385641
0.391439
0.397232
0.402971
0.408706
0.414457
0.420159
0.425833
0.431530
0.437196
0.442815
0.448447
0.454074
0.459643
0.465207
0.470784
0.476310
0.481807
0.487323
0.492807
0.498240
0.503686
0.509123
0.514502
0.519872
0.525254
0.530582
0.535878
0.541192
0.546472
0.551700
0.556937
0.562164
0.567330
0.572486
0.577650
0.582760
0.587835
0.592926
0.597981
0.602982
0.607990
0.612986
0.617918
0.622839
0.627767
0.632637
0.637472
0.642320
0.647130
0.651884
0.656643
0.661388
0.666068
0.670735
0.675406
0.680018
0.684593
0.689179
0.693725
0.698213
0.702705
0.707181
0.711590
0.715983
0.720380
0.724715
0.729012
0.733318
0.737582
0.741787
0.745994
0.750182
0.754303
0.758406
0.762510
0.766552
0.770553
0.774563
0.778528
0.782433
0.786338
0.790223
0.794038
0.797835
0.801632
0.805364
0.809054
0.812750
0.816402
0.819991
0.823579
0.827145
0.830641
0.834116
0.837589
0.840997
0.844361
0.847731
0.851054
0.854312
0.857569
0.860803
0.863964
0.867104
0.870241
0.873311
0.876336
0.879365
0.882346
0.885262
0.888175
0.891064
0.893878
0.896671
0.899458
0.902179
0.904852
0.907529
0.910157
0.912718
0.915275
0.917807
0.920265
0.922698
0.925126
0.927486
0.929798
0.932111
0.934376
0.936572
0.938764
0.940929
0.943019
0.945084
0.947143
0.949132
0.951073
0.953015
0.954907
0.956730
0.958547
0.960337
0.962051
0.963740
0.965421
0.967033
0.968595
0.970157
0.971669
0.973111
0.974547
0.975955
0.977287
0.978592
0.979890
0.981117
0.982294
0.983471
0.984596
0.985652
0.986701
0.987722
0.988665
0.989582
0.990491
0.991329
0.992116
0.992903
0.993638
0.994303
0.994961
0.995590
0.996142
0.996667
0.997183
0.997628
0.998023
0.998417
0.998758
0.999030
0.999294
0.999529
0.999687
0.999817
0.999940
0.999990
0.999990
0.999990
0.999937
0.999814
0.999683
0.999524
0.999286
0.999022
0.998750
0.998406
0.998011
0.997616
0.997169
0.996651
0.996127
0.995573
0.994942
0.994284
0.993618
0.992881
0.992094
0.991306
0.990466
0.989556
0.988639
0.987694
0.986671
0.985622
0.984565
0.983438
0.982260
0.981083
0.979853
0.978555
0.977249
0.975916
0.974506
0.973070
0.971627
0.970113
0.968550
0.966988
0.965374
0.963691
0.962003
0.960287
0.958495
0.956678
0.954854
0.952960
0.951017
0.949076
0.947085
0.945025
0.942960
0.940868
0.938701
0.936510
0.934312
0.932046
0.929731
0.927419
0.925057
0.922628
0.920195
0.917736
0.915202
0.912645
0.910083
0.907453
0.904776
0.902102
0.899380
0.896591
0.893799
0.890982
0.888092
0.885179
0.882262
0.879279
0.876250
0.873225
0.870152
0.867014
0.863875
0.860712
0.857476
0.854219
0.850960
0.847635
0.844265
0.840901
0.837491
0.834016
0.830541
0.827044
0.823476
0.819888
0.816299
0.812645
0.808948
0.805258
0.801524
0.797727
0.793930
0.790113
0.786226
0.782321
0.778416
0.774448
0.770439
0.766438
0.762394
0.758288
0.754185
0.750064
0.745873
0.741667
0.737461
0.733195
0.728889
0.724593
0.720255
0.715858
0.711464
0.707054
0.702577
0.698085
0.693596
0.689048
0.684462
0.679887
0.675273
0.670601
0.665935
0.661254
0.656507
0.651748
0.646994
0.642182
0.637334
0.632499
0.627627
0.622698
0.617778
0.612844
0.607847
0.602839
0.597838
0.592781
0.587690
0.582615
0.577503
0.572338
0.567182
0.562015
0.556787
0.551550
0.546322
0.541041
0.535727
0.530431
0.525100
0.519719
0.514348
0.508969
0.503530
0.498085
0.492651
0.487165
0.481649
0.476153
0.470625
0.465048
0.459485
0.453914
0.448286
0.442654
0.437035
0.431367
0.425671
0.419997
0.414293
0.408542
0.402807
0.397067
0.391273
0.385476
0.379695
0.373866
0.368012
0.362183
0.356325
0.350424
0.344540
0.338654
0.332715
0.326776
0.320856
0.314890
0.308901
0.302939
0.296952
0.290922
0.284913
0.278903
0.272844
0.266787
0.260750
0.254671
0.248571
0.242500
0.236406
0.230272
0.224162
0.218053
0.211896
0.205745
0.199616
0.193447
0.187260
0.181104
0.174928
0.168714
0.162525
0.156341
0.150113
0.143891
0.137694
0.131460
0.125210
0.118993
0.112759
0.106489
0.100248
0.094013
0.087736
0.081469
0.075229
0.068954
0.062665
0.056413
0.050145
0.043845
0.037575
0.031314
0.025013
0.018725
0.012466
0.006175
-0.000127
-0.006390
-0.012667
-0.018973
-0.025247
-0.031509
-0.037808
-0.044093
-0.050345
-0.056628
-0.062919
-0.069168
-0.075428
-0.081716
-0.087969
-0.094207
-0.100480
-0.106736
-0.112958
-0.119207
-0.125462
-0.131673
-0.137892
-0.144137
-0.150344
-0.156533
-0.162756
-0.168959
-0.175125
-0.181316
-0.187510
-0.193658
-0.199812
-0.205989
-0.212125
-0.218242
-0.224389
-0.230515
-0.236600
-0.242709
-0.248818
-0.254879
-0.260943
-0.267027
-0.273069
-0.279089
-0.285137
-0.291161
-0.297142
-0.303144
-0.309144
-0.315094
-0.321044
-0.327013
-0.332936
-0.338835
-0.344760
-0.350658
-0.356511
-0.362383
-0.368251
-0.374065
-0.379878
-0.385707
-0.391488
-0.397243
-0.403022
-0.408771
-0.414473
-0.420191
-0.425903
-0.431560
-0.437213
-0.442879
-0.448496
-0.454084
-0.459693
-0.465271
-0.470799
-0.476341
-0.481876
-0.487352
-0.492822
-0.498304
-0.503733
-0.509132
-0.514550
-0.519934
-0.525267
-0.530612
-0.535946
-0.541220
-0.546486
-0.551762
-0.556983
-0.562171
-0.567376
-0.572546
-0.577662
-0.582788
-0.587901
-0.592952
-0.597994
-0.603042
-0.608034
-0.612992
-0.617964
-0.622898
-0.627777
-0.632664
-0.637536
-0.642345
-0.647141
-0.651942
-0.656686
-0.661392
-0.666112
-0.670792
-0.675415
-0.680043
-0.684655
-0.689201
-0.693734
-0.698270
-0.702745
-0.707183
-0.711631
-0.716038
-0.720386
-0.724738
-0.729072
-0.733338
-0.737589
-0.741841
-0.746032
-0.750182
-0.754342
-0.758459
-0.762515
-0.766573
-0.770612
-0.774581
-0.778533
-0.782485
-0.786374
-0.790221
-0.794076
-0.797886
-0.801634
-0.805382
-0.809110
-0.812767
-0.816404
-0.820041
-0.823612
-0.827141
-0.830676
-0.834164
-0.837589
-0.841013
-0.844415
-0.847744
-0.851054
-0.854360
-0.857600
-0.860796
-0.863997
-0.867150
-0.870239
-0.873325
-0.876387
-0.879376
-0.882344
-0.885308
-0.888204
-0.891054
-0.893909
-0.896714
-0.899454
-0.902190
-0.904901
-0.907538
-0.910152
-0.912761
-0.915302
-0.917796
-0.920292
-0.922739
-0.925119
-0.927494
-0.929844
-0.932118
-0.934368
-0.936612
-0.938787
-0.940915
-0.943044
-0.945122
-0.947133
-0.949138
-0.951116
-0.953019
-0.954897
-0.956767
-0.958568
-0.960320
-0.962073
-0.963775
-0.965408
-0.967036
-0.968636
-0.970158
-0.971656
-0.973146
-0.974565
-0.975936
-0.977306
-0.978625
-0.979874
-0.981117
-0.982332
-0.983469
-0.984581
-0.985684
-0.986717
-0.987699
-0.988682
-0.989612
-0.990472
-0.991326
-0.992151
-0.992898
-0.993620
-0.994332
-0.994974
-0.995565
-0.996156
-0.996694
-0.997162
-0.997623
-0.998055
-0.998409
-0.998737
-0.999056
-0.999304
-0.999501
-0.999698
-0.999842
-0.999916
-0.999982
-1.000020
-0.999979
-0.999913
-0.999837
-0.999690
-0.999493
-0.999295
-0.999044
-0.998723
-0.998395
-0.998038
-0.997603
-0.997142
-0.996672
-0.996131
-0.995539
-0.994948
-0.994303
-0.993589
-0.992867
-0.992118
-0.991290
-0.990436
-0.989574
-0.988640
-0.987657
-0.986674
-0.985638
-0.984533
-0.983421
-0.982281
-0.981064
-0.979821
-0.978570
-0.977248
-0.975877
-0.974506
-0.973083
-0.971592
-0.970094
-0.968569
-0.966966
-0.965339
-0.963704
-0.961999
-0.960245
-0.958492
-0.956688
-0.954816
-0.952938
-0.951033
-0.949052
-0.947047
-0.945035
-0.942953
-0.940824
-0.938696
-0.936517
-0.934272
-0.932021
-0.929745
-0.927392
-0.925017
-0.922636
-0.920186
-0.917689
-0.915194
-0.912650
-0.910040
-0.907426
-0.904787
-0.902073
-0.899337
-0.896595
-0.893787
-0.890932
-0.888081
-0.885182
-0.882217
-0.879249
-0.876258
-0.873193
-0.870107
-0.867017
-0.863860
-0.860659
-0.857463
-0.854219
-0.850912
-0.847603
-0.844271
-0.840866
-0.837443
-0.834016
-0.830524
-0.826990
-0.823461
-0.819886
-0.816248
-0.812611
-0.808952
-0.805222
-0.801474
-0.797724
-0.793911
-0.790056
-0.786209
-0.782317
-0.778363
-0.774412
-0.770440
-0.766399
-0.762341
-0.758284
-0.754164
-0.750004
-0.745854
-0.741660
-0.737406
-0.733156
-0.728888
-0.724551
-0.720200
-0.715851
-0.711441
-0.706992
-0.702555
-0.698076
-0.693539
-0.689007
-0.684459
-0.679844
-0.675217
-0.670593
-0.665910
-0.661190
-0.656484
-0.651737
-0.646935
-0.642139
-0.637329
-0.632454
-0.627568
-0.622688
-0.617751
-0.612779
-0.607821
-0.602826
-0.597777
-0.592737
-0.587683
-0.582568
-0.577443
-0.572326
-0.567154
-0.561949
-0.556760
-0.551536
-0.546260
-0.540995
-0.535719
-0.530382
-0.525039
-0.519705
-0.514318
-0.508901
-0.503502
-0.498070
-0.492587
-0.487118
-0.481640
-0.476104
-0.470562
-0.465033
-0.459453
-0.453844
-0.448256
-0.442637
-0.436970
-0.431318
-0.425660
-0.419946
-0.414229
-0.408526
-0.402774
-0.396996
-0.391242
-0.385458
-0.379629
-0.373817
-0.368000
-0.362131
-0.356260
-0.350406
-0.344506
-0.338582
-0.332683
-0.326757
-0.320789
-0.314839
-0.308888
-0.302886
-0.296886
-0.290904
-0.284878
-0.278831
-0.272811
-0.266767
-0.260682
-0.254620
-0.248557
-0.242446
-0.236339
-0.230253
-0.224126
-0.217979
-0.211863
-0.205724
-0.199548
-0.193395
-0.187245
-0.181050
-0.174860
-0.168694
-0.162489
-0.156268
-0.150078
-0.143870
-0.137625
-0.131407
-0.125195
-0.118938
-0.112691
-0.106469
-0.100211
-0.093939
-0.087702
-0.081447
-0.075159
-0.068901
-0.062650
-0.056358
-0.050077
-0.043824
-0.037538
-0.031240
-0.024979
-0.018703
-0.012397
-0.006122
0.000142
0.006446
0.012735
0.018993
0.025284
0.031583
0.037843
0.044114
0.050415
0.056680
0.062934
0.069223
0.075496
0.081736
0.088005
0.094281
0.100515
0.106758
0.113027
0.119259
0.125477
0.131728
0.137960
0.144157
0.150380
0.156607
0.162790
0.168980
0.175193
0.181368
0.187524
0.193713
0.199879
0.206008
0.212161
0.218316
0.224423
0.230535
0.236669
0.242760
0.248832
0.254933
0.261010
0.267046
0.273104
0.279162
0.285170
0.291180
0.297210
0.303195
0.309157
0.315147
0.321110
0.327030
0.332970
0.338907
0.344792
0.350676
0.356578
0.362432
0.368263
0.374117
0.379943
0.385724
0.391522
0.397314
0.403052
0.408788
0.414539
0.420240
0.425914
0.431611
0.437277
0.442895
0.448528
0.454154
0.459723
0.465287
0.470864
0.476389
0.481885
0.487401
0.492885
0.498318
0.503764
0.509201
0.514578
0.519949
0.525330
0.530658
0.535954
0.541268
0.546547
0.551774
0.557012
0.562238
0.567403
0.572559
0.577723
0.582832
0.587908
0.592999
0.598053
0.603053
0.608062
0.613057
0.617989
0.622910
0.627837
0.632707
0.637541
0.642389
0.647198
0.651951
0.656711
0.661456
0.666135
0.670802
0.675472
0.680084
0.684658
0.689244
0.693789
0.698277
0.702769
0.707244
0.711652
0.716046
0.720442
0.724777
0.729073
0.733379
0.737643
0.741847
0.746054
0.750242
0.754361
0.758465
0.762568
0.766610
0.770611
0.774620
0.778584
0.782488
0.786394
0.790278
0.794093
0.797890
0.801685
0.805417
0.809107
0.812803
0.816454
0.820042
0.823630
0.827196
0.830690
0.834166
0.837638
0.841045
0.844409
0.847779
0.851101
0.854359
0.857616
0.860849
0.864009
0.867149
0.870285
0.873355
0.876379
0.879408
0.882388
0.885304
0.888217
0.891104
0.893918
0.896711
0.899498
0.902217
0.904891
0.907567
0.910194
0.912755
0.915312
0.917843
0.920299
0.922733
0.925160
0.927519
0.929831
0.932144
0.934407
0.936603
0.938795
0.940960
0.943048
0.945114
0.947172
0.949160
0.951101
0.953043
0.954933
0.956756
0.958573
0.960362
0.962075
0.963764
0.965445
0.967055
0.968617
0.970180
0.971690
0.973132
0.974568
0.975975
0.977305
0.978611
0.979908
0.981134
0.982311
0.983488
0.984612
0.985667
0.986716
0.987736
0.988678
0.989595
0.990503
0.991340
0.992127
0.992914
0.993648
0.994312
0.994970
0.995599
0.996149
0.996674
0.997190
0.997634
0.998028
0.998422
0.998763
0.999033
0.999298
0.999532
0.999688
0.999819
0.999941
0.999990
0.999990
0.999990
0.999935
0.999812
0.999681
0.999521
0.999282
0.999019
0.998745
0.998400
0.998006
0.997610
0.997162
0.996644
0.996119
0.995565
0.994933
0.994275
0.993608
0.992870
0.992082
0.991294
0.990453
0.989543
0.988626
0.987680
0.986656
0.985607
0.984550
0.983421
0.982243
0.981066
0.979835
0.978536
0.977231
0.975897
0.974486
0.973050
0.971606
0.970091
0.968528
0.966965
0.965350
0.963667
0.961979
0.960262
0.958469
0.956652
0.954827
0.952932
0.950990
0.949048
0.947056
0.944995
0.942930
0.940838
0.938670
0.936478
0.934280
0.932013
0.929698
0.927386
0.925023
0.922594
0.920160
0.917701
0.915166
0.912609
0.910046
0.907415
0.904738
0.902064
0.899340
0.896551
0.893759
0.890941
0.888050
0.885138
0.882220
0.879236
0.876206
0.873181
0.870108
0.866970
0.863830
0.860666
0.857429
0.854173
0.850913
0.847587
0.844217
0.840853
0.837441
0.833967
0.830492
0.826994
0.823425
0.819837
0.816247
0.812592
0.808896
0.805206
0.801470
0.797672
0.793876
0.790058
0.786170
0.782266
0.778360
0.774391
0.770382
0.766381
0.762335
0.758230
0.754127
0.750004
0.745813
0.741607
0.737401
0.733134
0.728827
0.724531
0.720192
0.715795
0.711402
0.706990
0.702512
0.698021
0.693532
0.688983
0.684396
0.679822
0.675207
0.670535
0.665869
0.661186
0.656439
0.651680
0.646925
0.642113
0.637264
0.632430
0.627556
0.622628
0.617708
0.612773
0.607775
0.602767
0.597766
0.592708
0.587617
0.582542
0.577429
0.572264
0.567109
0.561941
0.556712
0.551476
0.546247
0.540965
0.535651
0.530355
0.525024
0.519642
0.514272
0.508892
0.503452
0.498008
0.492573
0.487086
0.481571
0.476075
0.470546
0.464968
0.459405
0.453834
0.448206
0.442574
0.436955
0.431286
0.425590
0.419916
0.414211
0.408460
0.402725
0.396985
0.391190
0.385393
0.379612
0.373783
0.367929
0.362099
0.356241
0.350339
0.344456
0.338569
0.332630
0.326692
0.320771
0.314805
0.308816
0.302854
0.296866
0.290836
0.284827
0.278817
0.272757
0.266701
0.260664
0.254584
0.248484
0.242413
0.236319
0.230185
0.224075
0.217965
0.211808
0.205657
0.199528
0.193359
0.187172
0.181016
0.174839
0.168625
0.162437
0.156253
0.150023
0.143802
0.137605
0.131370
0.125120
0.118904
0.112669
0.106400
0.100159
0.093924
0.087646
0.081379
0.075139
0.068864
0.062575
0.056323
0.050055
0.043755
0.037485
0.031224
0.024923
0.018635
0.012377
0.006085
-0.000217
-0.006480
-0.012757
-0.019063
-0.025336
-0.031598
-0.037898
-0.044182
-0.050435
-0.056718
-0.063008
-0.069257
-0.075518
-0.081806
-0.088058
-0.094296
-0.100570
-0.106825
-0.113047
-0.119296
-0.125551
-0.131762
-0.137982
-0.144226
-0.150432
-0.156622
-0.162845
-0.169047
-0.175213
-0.181404
-0.187598
-0.193746
-0.199900
-0.206077
-0.212212
-0.218330
-0.224477
-0.230602
-0.236687
-0.242796
-0.248905
-0.254965
-0.261030
-0.267114
-0.273155
-0.279176
-0.285224
-0.291246
-0.297228
-0.303230
-0.309230
-0.315179
-0.321130
-0.327098
-0.333020
-0.338920
-0.344844
-0.350741
-0.356595
-0.362467
-0.368334
-0.374148
-0.379962
-0.385790
-0.391571
-0.397326
-0.403104
-0.408852
-0.414555
-0.420273
-0.425985
-0.431641
-0.437294
-0.442960
-0.448576
-0.454164
-0.459773
-0.465350
-0.470878
-0.476421
-0.481954
-0.487430
-0.492901
-0.498382
-0.503810
-0.509210
-0.514627
-0.520011
-0.525343
-0.530688
-0.536022
-0.541295
-0.546562
-0.551837
-0.557057
-0.562246
-0.567451
-0.572619
-0.577735
-0.582861
-0.587974
-0.593024
-0.598066
-0.603114
-0.608105
-0.613062
-0.618035
-0.622968
-0.627847
-0.632734
-0.637605
-0.642413
-0.647210
-0.652010
-0.656753
-0.661460
-0.666179
-0.670858
-0.675481
-0.680109
-0.684720
-0.689266
-0.693799
-0.698334
-0.702809
-0.707246
-0.711695
-0.716101
-0.720448
-0.724800
-0.729133
-0.733399
-0.737650
-0.741902
-0.746091
-0.750242
-0.754401
-0.758517
-0.762573
-0.766631
-0.770669
-0.774637
-0.778590
-0.782541
-0.786429
-0.790276
-0.794131
-0.797940
-0.801687
-0.805436
-0.809163
-0.812818
-0.816457
-0.820092
-0.823663
-0.827191
-0.830726
-0.834213
-0.837638
-0.841062
-0.844463
-0.847792
-0.851101
-0.854407
-0.857646
-0.860842
-0.864043
-0.867195
-0.870283
-0.873369
-0.876431
-0.879419
-0.882387
-0.885350
-0.888245
-0.891095
-0.893949
-0.896753
-0.899493
-0.902229
-0.904939
-0.907575
-0.910190
-0.912798
-0.915338
-0.917831
-0.920328
-0.922773
-0.925153
-0.927528
-0.929877
-0.932150
-0.934400
-0.936644
-0.938818
-0.940945
-0.943074
-0.945151
-0.947161
-0.949167
-0.951144
-0.953045
-0.954923
-0.956794
-0.958593
-0.960345
-0.962098
-0.963799
-0.965432
-0.967059
-0.968658
-0.970180
-0.971678
-0.973167
-0.974585
-0.975955
-0.977326
-0.978643
-0.979892
-0.981135
-0.982349
-0.983485
-0.984597
-0.985700
-0.986731
-0.987713
-0.988696
-0.989625
-0.990485
-0.991338
-0.992162
-0.992909
-0.993630
-0.994342
-0.994982
-0.995573
-0.996164
-0.996701
-0.997168
-0.997629
-0.998061
-0.998414
-0.998742
-0.999060
-0.999307
-0.999504
-0.999700
-0.999843
-0.999916
-0.999983
-1.000020
-0.999978
-0.999912
-0.999836
-0.999687
-0.999490
-0.999292
-0.999040
-0.998718
-0.998390
-0.998032
-0.997597
-0.997136
-0.996665
-0.996123
-0.995531
-0.994939
-0.994293
-0.993578
-0.992857
-0.992106
-0.991277
-0.990424
-0.989561
-0.988626
-0.987643
-0.986660
-0.985623
-0.984517
-0.983406
-0.982265
-0.981046
-0.979803
-0.978552
-0.977229
-0.975857
-0.974486
-0.973062
-0.971570
-0.970073
-0.968546
-0.966943
-0.965316
-0.963680
-0.961974
-0.960220
-0.958467
-0.956662
-0.954789
-0.952911
-0.951005
-0.949023
-0.947018
-0.945006
-0.942923
-0.940793
-0.938665
-0.936486
-0.934239
-0.931989
-0.929711
-0.927358
-0.924983
-0.922601
-0.920150
-0.917653
-0.915159
-0.912613
-0.910003
-0.907389
-0.904748
-0.902033
-0.899298
-0.896556
-0.893746
-0.890891
-0.888040
-0.885140
-0.882174
-0.879207
-0.876214
-0.873148
-0.870063
-0.866972
-0.863815
-0.860614
-0.857417
-0.854172
-0.850864
-0.847555
-0.844222
-0.840817
-0.837394
-0.833967
-0.830474
-0.826939
-0.823410
-0.819834
-0.816196
-0.812559
-0.808899
-0.805168
-0.801420
-0.797670
-0.793856
-0.790001
-0.786153
-0.782260
-0.778307
-0.774355
-0.770383
-0.766341
-0.762283
-0.758225
-0.754105
-0.749945
-0.745794
-0.741599
-0.737346
-0.733096
-0.728826
-0.724489
-0.720138
-0.715788
-0.711377
-0.706929
-0.702491
-0.698012
-0.693474
-0.688943
-0.684393
-0.679778
-0.675151
-0.670526
-0.665842
-0.661123
-0.656416
-0.651669
-0.646866
-0.642071
-0.637259
-0.632384
-0.627499
-0.622618
-0.617680
-0.612708
-0.607750
-0.602754
-0.597705
-0.592665
-0.587611
-0.582495
-0.577370
-0.572252
-0.567079
-0.561874
-0.556686
-0.551461
-0.546185
-0.540920
-0.535643
-0.530306
-0.524963
-0.519628
-0.514241
-0.508823
-0.503425
-0.497991
-0.492509
-0.487040
-0.481561
-0.476024
-0.470483
-0.464954
-0.459373
-0.453764
-0.448176
-0.442556
-0.436889
-0.431238
-0.425579
-0.419864
-0.414147
-0.408444
-0.402692
-0.396914
-0.391159
-0.385375
-0.379545
-0.373734
-0.367917
-0.362046
-0.356177
-0.350322
-0.344421
-0.338497
-0.332599
-0.326672
-0.320703
-0.314755
-0.308803
-0.302800
-0.296800
-0.290818
-0.284792
-0.278745
-0.272725
-0.266681
-0.260596
-0.254533
-0.248470
-0.242359
-0.236252
-0.230166
-0.224038
-0.217892
-0.211776
-0.205636
-0.199459
-0.193307
-0.187157
-0.180961
-0.174772
-0.168606
-0.162400
-0.156179
-0.149990
-0.143781
-0.137536
-0.131319
-0.125106
-0.118849
-0.112602
-0.106380
-0.100122
-0.093850
-0.087613
-0.081357
-0.075070
-0.068812
-0.062560
-0.056268
-0.049987
-0.043735
-0.037448
-0.031150
-0.024889
-0.018613
-0.012307
-0.006033
0.000232
0.006536
0.012824
0.019083
0.025374
0.031673
0.037932
0.044204
0.050504
0.056770
0.063023
0.069313
0.075586
0.081826
0.088095
0.094371
0.100604
0.106847
0.113116
0.119348
0.125566
0.131817
0.138049
0.144245
0.150469
0.156696
0.162878
0.169069
0.175282
0.181456
0.187613
0.193801
0.199967
0.206096
0.212249
0.218403
0.224510
0.230623
0.236756
0.242847
0.248919
0.255020
0.261096
0.267132
0.273191
0.279248
0.285256
0.291267
0.297296
0.303280
0.309243
0.315232
0.321195
0.327115
0.333055
0.338991
0.344875
0.350761
0.356662
0.362516
0.368346
0.374201
0.380026
0.385806
0.391605
0.397397
0.403134
0.408871
0.414621
0.420321
0.425996
0.431692
0.437357
0.442975
0.448609
0.454234
0.459802
0.465367
0.470943
0.476467
0.481964
0.487480
0.492962
0.498396
0.503842
0.509278
0.514655
0.520026
0.525407
0.530733
0.536030
0.541344
0.546622
0.551849
0.557087
0.562312
0.567477
0.572633
0.577797
0.582905
0.587980
0.593072
0.598125
0.603124
0.608133
0.613127
0.618059
0.622980
0.627907
0.632776
0.637610
0.642458
0.647266
0.652019
0.656780
0.661523
0.666202
0.670869
0.675539
0.680149
0.684724
0.689310
0.693854
0.698341
0.702834
0.707308
0.711715
0.716109
0.720505
0.724838
0.729135
0.733441
0.737703
0.741907
0.746114
0.750301
0.754420
0.758523
0.762627
0.766667
0.770668
0.774677
0.778641
0.782544
0.786449
0.790333
0.794147
0.797944
0.801739
0.805470
0.809159
0.812856
0.816505
0.820093
0.823681
0.827246
0.830740
0.834215
0.837688
0.841094
0.844457
0.847827
0.851147
0.854405
0.857662
0.860894
0.864054
0.867194
0.870330
0.873398
0.876423
0.879451
0.882430
0.885345
0.888258
0.891145
0.893958
0.896751
0.899537
0.902255
0.904929
0.907605
0.910231
0.912791
0.915349
0.917879
0.920334
0.922768
0.925195
0.927552
0.929864
0.932177
0.934439
0.936635
0.938826
0.940990
0.943078
0.945143
0.947201
0.949188
0.951128
0.953070
0.954959
0.956781
0.958599
0.960387
0.962099
0.963788
0.965468
0.967078
0.968639
0.970202
0.971711
0.973152
0.974588
0.975995
0.977324
0.978629
0.979926
0.981151
0.982327
0.983504
0.984627
0.985682
0.986731
0.987750
0.988691
0.989608
0.990516
0.991351
0.992139
0.992925
0.993658
0.994322
0.994980
0.995607
0.996157
0.996682
0.997197
0.997640
0.998034
0.998428
0.998767
0.999037
0.999301
0.999535
0.999690
0.999821
0.999942
0.999990
0.999990
0.999989
0.999934
0.999810
0.999679
0.999518
0.999279
0.999015
0.998741
0.998395
0.998000
0.997605
0.997155
0.996636
0.996112
0.995556
0.994923
0.994266
0.993598
0.992859
0.992071
0.991283
0.990440
0.989529
0.988613
0.987666
0.986641
0.985593
0.984534
0.983404
0.982227
0.981049
0.979817
0.978517
0.977212
0.975877
0.974465
0.973029
0.971585
0.970069
0.968505
0.966943
0.965327
0.963643
0.961955
0.960237
0.958443
0.956626
0.954801
0.952905
0.950962
0.949020
0.947026
0.944966
0.942901
0.940807
0.938638
0.936447
0.934249
0.931980
0.929665
0.927353
0.924989
0.922559
0.920126
0.917665
0.915129
0.912573
0.910009
0.907377
0.904700
0.902025
0.899301
0.896511
0.893719
0.890901
0.888008
0.885096
0.882178
0.879193
0.876163
0.873138
0.870063
0.866925
0.863785
0.860620
0.857383
0.854127
0.850866
0.847539
0.844169
0.840804
0.837392
0.833917
0.830442
0.826943
0.823373
0.819786
0.816195
0.812540
0.808843
0.805153
0.801416
0.797618
0.793822
0.790003
0.786114
0.782210
0.778304
0.774334
0.770324
0.766323
0.762277
0.758171
0.754068
0.749945
0.745753
0.741547
0.737341
0.733072
0.728766
0.724470
0.720130
0.715732
0.711339
0.706927
0.702448
0.697957
0.693467
0.688917
0.684331
0.679757
0.675140
0.670468
0.665802
0.661119
0.656371
0.651612
0.646857
0.642043
0.637195
0.632361
0.627486
0.622558
0.617638
0.612702
0.607703
0.602696
0.597694
0.592636
0.587545
0.582469
0.577356
0.572190
0.567035
0.561867
0.556637
0.551401
0.546172
0.540889
0.535575
0.530279
0.524947
0.519565
0.514195
0.508814
0.503374
0.497930
0.492495
0.487008
0.481492
0.475996
0.470466
0.464889
0.459326
0.453754
0.448125
0.442494
0.436874
0.431204
0.425508
0.419835
0.414129
0.408378
0.402644
0.396902
0.391107
0.385311
0.379529
0.373699
0.367845
0.362016
0.356157
0.350255
0.344372
0.338485
0.332545
0.326607
0.320686
0.314719
0.308731
0.302769
0.296780
0.290750
0.284742
0.278731
0.272671
0.266615
0.260578
0.254497
0.248397
0.242327
0.236231
0.230097
0.223987
0.217877
0.211720
0.205570
0.199441
0.193270
0.187084
0.180928
0.174750
0.168536
0.162349
0.156164
0.149934
0.143714
0.137517
0.131281
0.125031
0.118816
0.112580
0.106310
0.100070
0.093834
0.087557
0.081290
0.075050
0.068774
0.062486
0.056234
0.049965
0.043665
0.037396
0.031135
0.024833
0.018546
0.012287
0.005995
-0.000306
-0.006569
-0.012847
-0.019153
-0.025426
-0.031688
-0.037988
-0.044272
-0.050524
-0.056808
-0.063098
-0.069347
-0.075608
-0.081896
-0.088147
-0.094386
-0.100660
-0.106914
-0.113136
-0.119386
-0.125640
-0.131850
-0.138071
-0.144315
-0.150520
-0.156711
-0.162934
-0.169135
-0.175301
-0.181493
-0.187686
-0.193834
-0.199988
-0.206165
-0.212300
-0.218417
-0.224565
-0.230689
-0.236774
-0.242884
-0.248992
-0.255052
-0.261117
-0.267201
-0.273241
-0.279262
-0.285310
-0.291332
-0.297313
-0.303316
-0.309315
-0.315264
-0.321215
-0.327183
-0.333104
-0.339004
-0.344929
-0.350825
-0.356678
-0.362551
-0.368417
-0.374231
-0.380045
-0.385873
-0.391653
-0.397408
-0.403187
-0.408934
-0.414636
-0.420355
-0.426066
-0.431721
-0.437375
-0.443041
-0.448655
-0.454244
-0.459853
-0.465429
-0.470957
-0.476500
-0.482033
-0.487508
-0.492979
-0.498460
-0.503888
-0.509287
-0.514705
-0.520087
-0.525420
-0.530765
-0.536097
-0.541370
-0.546637
-0.551912
-0.557131
-0.562320
-0.567525
-0.572693
-0.577808
-0.582934
-0.588046
-0.593096
-0.598138
-0.603185
-0.608176
-0.613133
-0.618105
-0.623038
-0.627916
-0.632804
-0.637674
-0.642481
-0.647278
-0.652079
-0.656820
-0.661527
-0.666246
-0.670924
-0.675546
-0.680175
-0.684786
-0.689331
-0.693864
-0.698398
-0.702872
-0.707310
-0.711758
-0.716163
-0.720510
-0.724863
-0.729195
-0.733460
-0.737711
-0.741962
-0.746151
-0.750301
-0.754461
-0.758575
-0.762630
-0.766689
-0.770726
-0.774694
-0.778646
-0.782597
-0.786484
-0.790331
-0.794186
-0.797993
-0.801741
-0.805490
-0.809215
-0.812870
-0.816509
-0.820144
-0.823713
-0.827242
-0.830776
-0.834263
-0.837687
-0.841111
-0.844511
-0.847839
-0.851149
-0.854454
-0.857692
-0.860888
-0.864088
-0.867239
-0.870327
-0.873413
-0.876474
-0.879461
-0.882429
-0.885391
-0.888285
-0.891136
-0.893990
-0.896793
-0.899532
-0.902268
-0.904978
-0.907613
-0.910227
-0.912835
-0.915373
-0.917867
-0.920363
-0.922808
-0.925186
-0.927562
-0.929910
-0.932182
-0.934433
-0.936676
-0.938848
-0.940976
-0.943104
-0.945180
-0.947190
-0.949195
-0.951172
-0.953072
-0.954950
-0.956820
-0.958618
-0.960370
-0.962123
-0.963823
-0.965455
-0.967082
-0.968680
-0.970201
-0.971699
-0.973188
-0.974605
-0.975975
-0.977345
-0.978661
-0.979909
-0.981153
-0.982365
-0.983501
-0.984613
-0.985715
-0.986745
-0.987727
-0.988710
-0.989637
-0.990497
-0.991351
-0.992174
-0.992919
-0.993641
-0.994352
-0.994991
-0.995582
-0.996172
-0.996708
-0.997175
-0.997636
-0.998066
-0.998418
-0.998747
-0.999065
-0.999310
-0.999507
-0.999703
-0.999844
-0.999917
-0.999984
-1.000020
-0.999978
-0.999911
-0.999834
-0.999685
-0.999487
-0.999289
-0.999035
-0.998713
-0.998386
-0.998027
-0.997590
-0.997129
-0.996658
-0.996114
-0.995523
-0.994930
-0.994283
-0.993568
-0.992847
-0.992095
-0.991265
-0.990412
-0.989548
-0.988612
-0.987629
-0.986645
-0.985607
-0.984501
-0.983390
-0.982248
-0.981028
-0.979786
-0.978533
-0.977209
-0.975838
-0.974467
-0.973041
-0.971549
-0.970051
-0.968524
-0.966920
-0.965293
-0.963656
-0.961949
-0.960195
-0.958442
-0.956635
-0.954762
-0.952884
-0.950978
-0.948995
-0.946990
-0.944976
-0.942892
-0.940763
-0.938635
-0.936454
-0.934207
-0.931957
-0.929678
-0.927324
-0.924949
-0.922567
-0.920115
-0.917617
-0.915123
-0.912576
-0.909965
-0.907351
-0.904710
-0.901994
-0.899259
-0.896516
-0.893705
-0.890851
-0.887999
-0.885098
-0.882132
-0.879165
-0.876171
-0.873104
-0.870019
-0.866928
-0.863769
-0.860568
-0.857371
-0.854126
-0.850817
-0.847508
-0.844174
-0.840769
-0.837345
-0.833918
-0.830424
-0.826889
-0.823360
-0.819783
-0.816144
-0.812507
-0.808846
-0.805114
-0.801367
-0.797616
-0.793801
-0.789946
-0.786098
-0.782204
-0.778250
-0.774299
-0.770325
-0.766283
-0.762226
-0.758167
-0.754045
-0.749886
-0.745735
-0.741539
-0.737285
-0.733035
-0.728765
-0.724427
-0.720076
-0.715726
-0.711314
-0.706866
-0.702428
-0.697947
-0.693409
-0.688878
-0.684328
-0.679712
-0.675085
-0.670460
-0.665775
-0.661056
-0.656349
-0.651601
-0.646798
-0.642002
-0.637190
-0.632314
-0.627429
-0.622548
-0.617609
-0.612637
-0.607679
-0.602683
-0.597633
-0.592593
-0.587538
-0.582421
-0.577297
-0.572179
-0.567005
-0.561800
-0.556612
-0.551386
-0.546109
-0.540845
-0.535567
-0.530229
-0.524887
-0.519552
-0.514163
-0.508746
-0.503347
-0.497913
-0.492431
-0.486962
-0.481482
-0.475945
-0.470404
-0.464874
-0.459292
-0.453684
-0.448097
-0.442476
-0.436808
-0.431157
-0.425497
-0.419782
-0.414066
-0.408362
-0.402609
-0.396832
-0.391077
-0.385292
-0.379462
-0.373651
-0.367833
-0.361962
-0.356093
-0.350238
-0.344337
-0.338413
-0.332514
-0.326587
-0.320618
-0.314670
-0.308717
-0.302714
-0.296715
-0.290732
-0.284705
-0.278658
-0.272639
-0.266594
-0.260509
-0.254447
-0.248383
-0.242271
-0.236165
-0.230079
-0.223950
-0.217804
-0.211688
-0.205548
-0.199371
-0.193220
-0.187069
-0.180872
-0.174684
-0.168518
-0.162311
-0.156090
-0.149902
-0.143692
-0.137447
-0.131230
-0.125016
-0.118759
-0.112513
-0.106291
-0.100032
-0.093760
-0.087524
-0.081268
-0.074980
-0.068722
-0.062471
-0.056178
-0.049898
-0.043645
-0.037358
-0.031060
-0.024800
-0.018523
-0.012217
-0.005944
0.000322
0.006626
0.012914
0.019173
0.025464
0.031763
0.038021
0.044294
0.050594
0.056859
0.063113
0.069403
0.075675
0.081915
0.088185
0.094460
0.100693
0.106937
0.113206
0.119437
0.125655
0.131907
0.138137
0.144334
0.150558
0.156785
0.162966
0.169157
0.175371
0.181543
0.187701
0.193889
0.200055
0.206183
0.212337
0.218491
0.224597
0.230710
0.236843
0.242934
0.249006
0.255107
0.261182
0.267219
0.273278
0.279334
0.285341
0.291353
0.297381
0.303365
0.309328
0.315318
0.321279
0.327199
0.333140
0.339076
0.344959
0.350845
0.356746
0.362599
0.368430
0.374284
0.380109
0.385889
0.391688
0.397479
0.403216
0.408953
0.414702
0.420402
0.426077
0.431774
0.437438
0.443055
0.448689
0.454313
0.459881
0.465447
0.471022
0.476546
0.482043
0.487559
0.493040
0.498473
0.503920
0.509355
0.514731
0.520103
0.525483
0.530809
0.536106
0.541420
0.546697
0.551924
0.557162
0.562386
0.567550
0.572707
0.577870
0.582977
0.588053
0.593144
0.598196
0.603196
0.608205
0.613198
0.618129
0.623051
0.627977
0.632845
0.637679
0.642528
0.647335
0.652087
0.656848
0.661590
0.666268
0.670935
0.675605
0.680215
0.684789
0.689375
0.693918
0.698405
0.702898
0.707371
0.711778
0.716172
0.720567
0.724900
0.729196
0.733502
0.737763
0.741966
0.746174
0.750360
0.754478
0.758582
0.762685
0.766724
0.770725
0.774734
0.778697
0.782600
0.786505
0.790388
0.794201
0.797998
0.801793
0.805523
0.809212
0.812908
0.816557
0.820144
0.823733
0.827297
0.830789
0.834265
0.837737
0.841142
0.844506
0.847875
0.851194
0.854452
0.857709
0.860940
0.864099
0.867239
0.870374
0.873441
0.876466
0.879494
0.882472
0.885387
0.888300
0.891186
0.893998
0.896791
0.899577
0.902294
0.904967
0.907643
0.910268
0.912828
0.915385
0.917914
0.920369
0.922803
0.925229
0.927585
0.929897
0.932210
0.934471
0.936666
0.938858
0.941020
0.943107
0.945173
0.947230
0.949216
0.951156
0.953098
0.954986
0.956807
0.958625
0.960412
0.962123
0.963812
0.965492
0.967100
0.968662
0.970224
0.971732
0.973173
0.974609
0.976014
0.977343
0.978648
0.979944
0.981168
0.982344
0.983521
0.984643
0.985697
0.986746
0.987764
0.988704
0.989622
0.990529
0.991363
0.992150
0.992936
0.993668
0.994331
0.994989
0.995615
0.996164
0.996689
0.997204
0.997645
0.998040
0.998433
0.998771
0.999041
0.999305
0.999538
0.999692
0.999823
0.999943
0.999991
0.999990
0.999989
0.999933
0.999808
0.999677
0.999515
0.999275
0.999011
0.998737
0.998389
0.997994
0.997599
0.997148
0.996629
0.996104
0.995548
0.994914
0.994256
0.993589
0.992848
0.992060
0.991271
0.990428
0.989516
0.988599
0.987652
0.986626
0.985578
0.984519
0.983388
0.982210
0.981032
0.979799
0.978498
0.977193
0.975857
0.974445
0.973009
0.971564
0.970047
0.968483
0.966920
0.965303
0.963619
0.961930
0.960212
0.958417
0.956600
0.954774
0.952877
0.950934
0.948993
0.946997
0.944936
0.942871
0.940777
0.938607
0.936416
0.934217
0.931947
0.929632
0.927320
0.924954
0.922524
0.920091
0.917629
0.915093
0.912536
0.909972
0.907339
0.904661
0.901987
0.899261
0.896471
0.893679
0.890860
0.887967
0.885055
0.882136
0.879149
0.876120
0.873095
0.870019
0.866880
0.863740
0.860574
0.857336
0.854080
0.850819
0.847491
0.844121
0.840756
0.837343
0.833867
0.830392
0.826893
0.823322
0.819735
0.816144
0.812487
0.808790
0.805100
0.801362
0.797564
0.793767
0.789948
0.786059
0.782154
0.778248
0.774277
0.770267
0.766266
0.762219
0.758112
0.754010
0.749885
0.745693
0.741487
0.737280
0.733011
0.728704
0.724408
0.720067
0.715669
0.711276
0.706863
0.702384
0.697893
0.693403
0.688852
0.684266
0.679691
0.675074
0.670401
0.665735
0.661052
0.656303
0.651544
0.646789
0.641974
0.637126
0.632292
0.627416
0.622487
0.617567
0.612631
0.607632
0.602625
0.597622
0.592563
0.587472
0.582397
0.577282
0.572116
0.566962
0.561792
0.556562
0.551327
0.546097
0.540813
0.535500
0.530203
0.524870
0.519488
0.514119
0.508737
0.503297
0.497852
0.492417
0.486929
0.481413
0.475918
0.470387
0.464809
0.459246
0.453674
0.448044
0.442413
0.436794
0.431123
0.425427
0.419753
0.414047
0.408296
0.402562
0.396820
0.391024
0.385228
0.379446
0.373615
0.367762
0.361933
0.356073
0.350171
0.344288
0.338400
0.332460
0.326523
0.320601
0.314633
0.308645
0.302684
0.296694
0.290664
0.284656
0.278645
0.272584
0.266528
0.260491
0.254410
0.248310
0.242240
0.236144
0.230010
0.223900
0.217790
0.211632
0.205482
0.199353
0.193182
0.186995
0.180840
0.174662
0.168448
0.162261
0.156075
0.149845
0.143625
0.137428
0.131192
0.124942
0.118727
0.112490
0.106221
0.099981
0.093745
0.087467
0.081201
0.074961
0.068684
0.062396
0.056145
0.049875
0.043575
0.037307
0.031045
0.024743
0.018456
0.012198
0.005905
-0.000396
-0.006659
-0.012937
-0.019243
-0.025515
-0.031778
-0.038078
-0.044361
-0.050613
-0.056898
-0.063187
-0.069436
-0.075698
-0.081985
-0.088236
-0.094475
-0.100749
-0.107003
-0.113225
-0.119475
-0.125729
-0.131939
-0.138160
-0.144404
-0.150609
-0.156800
-0.163023
-0.169224
-0.175389
-0.181581
-0.187774
-0.193921
-0.200077
-0.206253
-0.212387
-0.218505
-0.224653
-0.230776
-0.236861
-0.242971
-0.249079
-0.255138
-0.261204
-0.267288
-0.273327
-0.279348
-0.285397
-0.291418
-0.297399
-0.303402
-0.309400
-0.315348
-0.321300
-0.327268
-0.333188
-0.339088
-0.345014
-0.350909
-0.356762
-0.362635
-0.368501
-0.374314
-0.380128
-0.385956
-0.391735
-0.397491
-0.403269
-0.409016
-0.414718
-0.420437
-0.426147
-0.431802
-0.437456
-0.443121
-0.448735
-0.454324
-0.459933
-0.465508
-0.471036
-0.476579
-0.482111
-0.487586
-0.493057
-0.498538
-0.503965
-0.509364
-0.514782
-0.520163
-0.525496
-0.530841
-0.536173
-0.541445
-0.546713
-0.551987
-0.557205
-0.562394
-0.567599
-0.572766
-0.577881
-0.583008
-0.588119
-0.593168
-0.598210
-0.603257
-0.608247
-0.613204
-0.618176
-0.623108
-0.627986
-0.632874
-0.637743
-0.642550
-0.647347
-0.652147
-0.656887
-0.661594
-0.666314
-0.670991
-0.675612
-0.680241
-0.684851
-0.689395
-0.693929
-0.698463
-0.702936
-0.707373
-0.711821
-0.716225
-0.720572
-0.724925
-0.729256
-0.733520
-0.737772
-0.742022
-0.746210
-0.750360
-0.754520
-0.758633
-0.762688
-0.766747
-0.770783
-0.774750
-0.778703
-0.782653
-0.786539
-0.790386
-0.794241
-0.798047
-0.801794
-0.805543
-0.809268
-0.812922
-0.816561
-0.820195
-0.823764
-0.827292
-0.830827
-0.834312
-0.837736
-0.841160
-0.844559
-0.847886
-0.851196
-0.854501
-0.857738
-0.860933
-0.864134
-0.867283
-0.870371
-0.873457
-0.876517
-0.879504
-0.882472
-0.885433
-0.888326
-0.891177
-0.894030
-0.896832
-0.899571
-0.902307
-0.905016
-0.907650
-0.910265
-0.912872
-0.915409
-0.917903
-0.920399
-0.922842
-0.925220
-0.927596
-0.929943
-0.932214
-0.934465
-0.936707
-0.938879
-0.941006
-0.943134
-0.945209
-0.947218
-0.949224
-0.951199
-0.953099
-0.954977
-0.956846
-0.958643
-0.960395
-0.962148
-0.963846
-0.965478
-0.967106
-0.968702
-0.970222
-0.971721
-0.973209
-0.974625
-0.975994
-0.977364
-0.978679
-0.979927
-0.981170
-0.982382
-0.983517
-0.984629
-0.985730
-0.986759
-0.987741
-0.988723
-0.989650
-0.990509
-0.991363
-0.992185
-0.992929
-0.993651
-0.994362
-0.994999
-0.995590
-0.996180
-0.996715
-0.997181
-0.997643
-0.998072
-0.998423
-0.998751
-0.999069
-0.999313
-0.999510
-0.999706
-0.999846
-0.999918
-0.999985
-1.000020
-0.999977
-0.999910
-0.999833
-0.999682
-0.999484
-0.999286
-0.999031
-0.998709
-0.998381
-0.998021
-0.997583
-0.997123
-0.996651
-0.996106
-0.995514
-0.994922
-0.994273
-0.993558
-0.992836
-0.992084
-0.991253
-0.990400
-0.989536
-0.988599
-0.987615
-0.986631
-0.985592
-0.984485
-0.983374
-0.982231
-0.981011
-0.979768
-0.978515
-0.977190
-0.975818
-0.974447
-0.973020
-0.971527
-0.970030
-0.968501
-0.966896
-0.965269
-0.963633
-0.961924
-0.960170
-0.958417
-0.956609
-0.954735
-0.952858
-0.950950
-0.948966
-0.946961
-0.944947
-0.942862
-0.940732
-0.938604
-0.936422
-0.934175
-0.931925
-0.929645
-0.927290
-0.924916
-0.922532
-0.920079
-0.917582
-0.915087
-0.912540
-0.909928
-0.907314
-0.904672
-0.901955
-0.899220
-0.896477
-0.893665
-0.890810
-0.887958
-0.885056
-0.882089
-0.879122
-0.876128
-0.873060
-0.869975
-0.866883
-0.863723
-0.860522
-0.857326
-0.854079
-0.850770
-0.847461
-0.844126
-0.840720
-0.837296
-0.833868
-0.830373
-0.826838
-0.823309
-0.819731
-0.816092
-0.812455
-0.808793
-0.805061
-0.801313
-0.797562
-0.793746
-0.789891
-0.786043
-0.782148
-0.778194
-0.774242
-0.770268
-0.766225
-0.762168
-0.758109
-0.753986
-0.749826
-0.745675
-0.741478
-0.737224
-0.732974
-0.728703
-0.724365
-0.720014
-0.715663
-0.711250
-0.706802
-0.702364
-0.697882
-0.693345
-0.688813
-0.684262
-0.679646
-0.675019
-0.670393
-0.665708
-0.660988
-0.656282
-0.651532
-0.646729
-0.641934
-0.637121
-0.632244
-0.627359
-0.622478
-0.617538
-0.612566
-0.607609
-0.602611
-0.597561
-0.592521
-0.587465
-0.582348
-0.577224
-0.572106
-0.566931
-0.561726
-0.556538
-0.551311
-0.546034
-0.540770
-0.535491
-0.530153
-0.524810
-0.519475
-0.514086
-0.508669
-0.503270
-0.497835
-0.492352
-0.486884
-0.481403
-0.475866
-0.470326
-0.464795
-0.459212
-0.453604
-0.448017
-0.442395
-0.436727
-0.431077
-0.425416
-0.419700
-0.413984
-0.408280
-0.402526
-0.396749
-0.390995
-0.385209
-0.379379
-0.373568
-0.367750
-0.361878
-0.356009
-0.350155
-0.344252
-0.338328
-0.332430
-0.326502
-0.320533
-0.314585
-0.308632
-0.302628
-0.296629
-0.290647
-0.284619
-0.278572
-0.272553
-0.266507
-0.260422
-0.254361
-0.248296
-0.242184
-0.236078
-0.229992
-0.223862
-0.217717
-0.211601
-0.205460
-0.199283
-0.193132
-0.186981
-0.180784
-0.174596
-0.168429
-0.162222
-0.156002
-0.149813
-0.143602
-0.137358
-0.131141
-0.124927
-0.118670
-0.112424
-0.106202
-0.099942
-0.093671
-0.087435
-0.081178
-0.074890
-0.068633
-0.062381
-0.056088
-0.049809
-0.043556
-0.037268
-0.030971
-0.024711
-0.018433
-0.012127
-0.005854
0.000412
0.006716
0.013003
0.019262
0.025554
0.031852
0.038111
0.044384
0.050684
0.056948
0.063203
0.069493
0.075764
0.082004
0.088275
0.094549
0.100782
0.107026
0.113295
0.119526
0.125744
0.131996
0.138226
0.144422
0.150647
0.156873
0.163055
0.169246
0.175459
0.181631
0.187789
0.193978
0.200142
0.206271
0.212425
0.218578
0.224684
0.230798
0.236931
0.243020
0.249093
0.255194
0.261269
0.267305
0.273365
0.279421
0.285427
0.291439
0.297467
0.303450
0.309414
0.315403
0.321364
0.327284
0.333225
0.339160
0.345043
0.350929
0.356830
0.362682
0.368513
0.374368
0.380191
0.385972
0.391771
0.397561
0.403298
0.409035
0.414784
0.420483
0.426158
0.431855
0.437518
0.443136
0.448770
0.454393
0.459961
0.465526
0.471102
0.476624
0.482121
0.487638
0.493118
0.498551
0.503998
0.509432
0.514808
0.520180
0.525560
0.530885
0.536182
0.541496
0.546772
0.551998
0.557237
0.562461
0.567624
0.572781
0.577944
0.583050
0.588126
0.593217
0.598268
0.603267
0.608277
0.613269
0.618199
0.623121
0.628047
0.632914
0.637749
0.642597
0.647403
0.652155
0.656916
0.661657
0.666335
0.671002
0.675672
0.680280
0.684855
0.689441
0.693983
0.698469
0.702962
0.707434
0.711840
0.716235
0.720629
0.724961
0.729257
0.733563
0.737824
0.742026
0.746234
0.750420
0.754537
0.758641
0.762743
0.766781
0.770782
0.774791
0.778753
0.782655
0.786561
0.790443
0.794255
0.798053
0.801847
0.805575
0.809265
0.812961
0.816608
0.820195
0.823784
0.827347
0.830839
0.834315
0.837786
0.841190
0.844554
0.847922
0.851241
0.854498
0.857755
0.860986
0.864144
0.867284
0.870419
0.873485
0.876509
0.879538
0.882514
0.885428
0.888341
0.891226
0.894038
0.896831
0.899616
0.902332
0.905005
0.907681
0.910305
0.912864
0.915422
0.917950
0.920403
0.922838
0.925263
0.927618
0.929930
0.932243
0.934502
0.936697
0.938889
0.941051
0.943137
0.945202
0.947259
0.949244
0.951184
0.953125
0.955012
0.956833
0.958651
0.960437
0.962148
0.963837
0.965516
0.967122
0.968684
0.970246
0.971753
0.973193
0.974629
0.976034
0.977361
0.978667
0.979962
0.981184
0.982361
0.983537
0.984658
0.985712
0.986761
0.987778
0.988717
0.989635
0.990541
0.991374
0.992161
0.992947
0.993678
0.994340
0.994998
0.995624
0.996172
0.996697
0.997211
0.997651
0.998045
0.998438
0.998775
0.999045
0.999309
0.999540
0.999694
0.999825
0.999945
0.999991
0.999990
0.999989
0.999931
0.999806
0.999675
0.999512
0.999271
0.999008
0.998732
0.998384
0.997989
0.997593
0.997141
0.996621
0.996096
0.995539
0.994904
0.994247
0.993579
0.992837
0.992049
0.991260
0.990415
0.989503
0.988586
0.987637
0.986611
0.985563
0.984503
0.983371
0.982193
0.981015
0.979780
0.978480
0.977175
0.975838
0.974424
0.972989
0.971543
0.970024
0.968461
0.966898
0.965279
0.963595
0.961906
0.960187
0.958391
0.956574
0.954748
0.952849
0.950907
0.948965
0.946968
0.944907
0.942842
0.940746
0.938576
0.936385
0.934185
0.931914
0.929599
0.927286
0.924920
0.922489
0.920056
0.917593
0.915056
0.912500
0.909935
0.907300
0.904623
0.901949
0.899221
0.896431
0.893639
0.890819
0.887925
0.885013
0.882094
0.879106
0.876077
0.873051
0.869974
0.866835
0.863695
0.860529
0.857290
0.854034
0.850772
0.847442
0.844073
0.840708
0.837293
0.833817
0.830343
0.826842
0.823271
0.819684
0.816092
0.812434
0.808737
0.805047
0.801308
0.797509
0.793713
0.789893
0.786003
0.782099
0.778192
0.774219
0.770210
0.766209
0.762160
0.758054
0.753951
0.749826
0.745633
0.741427
0.737220
0.732949
0.728643
0.724346
0.720004
0.715606
0.711213
0.706800
0.702320
0.697829
0.693338
0.688786
0.684200
0.679626
0.675007
0.670334
0.665669
0.660984
0.656235
0.651477
0.646721
0.641905
0.637057
0.632222
0.627346
0.622417
0.617497
0.612560
0.607560
0.602553
0.597551
0.592490
0.587400
0.582324
0.577209
0.572043
0.566888
0.561718
0.556488
0.551252
0.546022
0.540737
0.535424
0.530128
0.524794
0.519411
0.514042
0.508660
0.503219
0.497775
0.492339
0.486850
0.481335
0.475839
0.470307
0.464729
0.459167
0.453594
0.447964
0.442333
0.436713
0.431041
0.425346
0.419672
0.413965
0.408213
0.402480
0.396737
0.390941
0.385146
0.379363
0.373532
0.367679
0.361849
0.355989
0.350086
0.344204
0.338316
0.332375
0.326438
0.320516
0.314548
0.308560
0.302598
0.296608
0.290578
0.284570
0.278559
0.272497
0.266442
0.260405
0.254322
0.248224
0.242153
0.236056
0.229922
0.223813
0.217702
0.211544
0.205395
0.199265
0.193093
0.186907
0.180752
0.174573
0.168359
0.162173
0.155987
0.149756
0.143537
0.137339
0.131102
0.124853
0.118638
0.112401
0.106132
0.099892
0.093656
0.087377
0.081112
0.074871
0.068594
0.062307
0.056056
0.049785
0.043485
0.037217
0.030955
0.024653
0.018367
0.012108
0.005815
-0.000486
-0.006748
-0.013027
-0.019333
-0.025604
-0.031868
-0.038168
-0.044450
-0.050703
-0.056988
-0.063277
-0.069525
-0.075788
-0.082075
-0.088325
-0.094565
-0.100839
-0.107092
-0.113314
-0.119565
-0.125818
-0.132028
-0.138249
-0.144493
-0.150697
-0.156888
-0.163112
-0.169312
-0.175477
-0.181670
-0.187862
-0.194009
-0.200165
-0.206341
-0.212474
-0.218593
-0.224741
-0.230863
-0.236948
-0.243058
-0.249166
-0.255225
-0.261291
-0.267374
-0.273413
-0.279434
-0.285483
-0.291503
-0.297484
-0.303488
-0.309486
-0.315433
-0.321385
-0.327353
-0.333273
-0.339173
-0.345098
-0.350993
-0.356846
-0.362719
-0.368584
-0.374397
-0.380211
-0.386039
-0.391817
-0.397573
-0.403352
-0.409097
-0.414799
-0.420519
-0.426228
-0.431883
-0.437537
-0.443202
-0.448815
-0.454404
-0.460013
-0.465587
-0.471115
-0.476659
-0.482190
-0.487664
-0.493136
-0.498616
-0.504042
-0.509442
-0.514859
-0.520240
-0.525572
-0.530918
-0.536249
-0.541521
-0.546788
-0.552062
-0.557279
-0.562468
-0.567674
-0.572839
-0.577954
-0.583081
-0.588191
-0.593240
-0.598282
-0.603329
-0.608317
-0.613275
-0.618247
-0.623178
-0.628056
-0.632943
-0.637813
-0.642618
-0.647416
-0.652215
-0.656955
-0.661662
-0.666381
-0.671057
-0.675678
-0.680308
-0.684917
-0.689460
-0.693994
-0.698527
-0.702999
-0.707437
-0.711885
-0.716288
-0.720634
-0.724987
-0.729318
-0.733581
-0.737832
-0.742083
-0.746269
-0.750420
-0.754579
-0.758692
-0.762746
-0.766805
-0.770840
-0.774806
-0.778759
-0.782709
-0.786594
-0.790441
-0.794295
-0.798101
-0.801848
-0.805597
-0.809321
-0.812974
-0.816613
-0.820247
-0.823814
-0.827343
-0.830877
-0.834361
-0.837784
-0.841209
-0.844607
-0.847933
-0.851243
-0.854547
-0.857783
-0.860979
-0.864179
-0.867328
-0.870415
-0.873501
-0.876560
-0.879546
-0.882514
-0.885475
-0.888367
-0.891217
-0.894071
-0.896872
-0.899610
-0.902346
-0.905054
-0.907687
-0.910302
-0.912909
-0.915445
-0.917938
-0.920434
-0.922876
-0.925254
-0.927630
-0.929976
-0.932246
-0.934497
-0.936739
-0.938909
-0.941036
-0.943165
-0.945238
-0.947247
-0.949253
-0.951227
-0.953126
-0.955004
-0.956872
-0.958669
-0.960420
-0.962173
-0.963870
-0.965501
-0.967129
-0.968725
-0.970244
-0.971742
-0.973230
-0.974644
-0.976014
-0.977384
-0.978697
-0.979945
-0.981188
-0.982399
-0.983533
-0.984645
-0.985746
-0.986773
-0.987756
-0.988737
-0.989662
-0.990521
-0.991375
-0.992196
-0.992940
-0.993661
-0.994371
-0.995008
-0.995599
-0.996188
-0.996722
-0.997188
-0.997649
-0.998077
-0.998428
-0.998756
-0.999073
-0.999316
-0.999512
-0.999708
-0.999847
-0.999919
-0.999986
-1.000020
-0.999976
-0.999909
-0.999831
-0.999679
-0.999481
-0.999282
-0.999027
-0.998704
-0.998376
-0.998015
-0.997577
-0.997116
-0.996644
-0.996098
-0.995506
-0.994913
-0.994264
-0.993547
-0.992826
-0.992072
-0.991241
-0.990388
-0.989523
-0.988585
-0.987601
-0.986617
-0.985576
-0.984469
-0.983358
-0.982214
-0.980993
-0.979750
-0.978497
-0.977170
-0.975799
-0.974427
-0.972999
-0.971506
-0.970008
-0.968479
-0.966873
-0.965246
-0.963609
-0.961899
-0.960145
-0.958391
-0.956583
-0.954708
-0.952831
-0.950922
-0.948937
-0.946933
-0.944918
-0.942832
-0.940702
-0.938573
-0.936390
-0.934143
-0.931893
-0.929612
-0.927257
-0.924882
-0.922498
-0.920043
-0.917546
-0.915051
-0.912503
-0.909890
-0.907277
-0.904633
-0.901916
-0.899181
-0.896437
-0.893624
-0.890769
-0.887918
-0.885013
-0.882047
-0.879080
-0.876084
-0.873016
-0.869931
-0.866839
-0.863678
-0.860477
-0.857280
-0.854032
-0.850722
-0.847414
-0.844078
-0.840671
-0.837247
-0.833819
-0.830323
-0.826788
-0.823258
-0.819679
-0.816040
-0.812403
-0.808740
-0.805007
-0.801260
-0.797508
-0.793691
-0.789836
-0.785988
-0.782092
-0.778137
-0.774186
-0.770211
-0.766167
-0.762110
-0.758050
-0.753927
-0.749767
-0.745616
-0.741418
-0.737163
-0.732914
-0.728642
-0.724302
-0.719952
-0.715601
-0.711187
-0.706739
-0.702301
-0.697818
-0.693280
-0.688749
-0.684197
-0.679580
-0.674953
-0.670327
-0.665640
-0.660921
-0.656214
-0.651464
-0.646660
-0.641866
-0.637052
-0.632175
-0.627290
-0.622408
-0.617467
-0.612495
-0.607538
-0.602539
-0.597488
-0.592449
-0.587393
-0.582275
-0.577151
-0.572032
-0.566856
-0.561652
-0.556463
-0.551236
-0.545959
-0.540694
-0.535415
-0.530076
-0.524734
-0.519399
-0.514009
-0.508592
-0.503193
-0.497757
-0.492274
-0.486806
-0.481325
-0.475786
-0.470247
-0.464716
-0.459132
-0.453524
-0.447937
-0.442314
-0.436646
-0.430996
-0.425335
-0.419618
-0.413903
-0.408199
-0.402444
-0.396667
-0.390913
-0.385125
-0.379296
-0.373485
-0.367666
-0.361794
-0.355926
-0.350071
-0.344167
-0.338244
-0.332346
-0.326417
-0.320448
-0.314500
-0.308547
-0.302542
-0.296544
-0.290561
-0.284532
-0.278486
-0.272467
-0.266420
-0.260335
-0.254274
-0.248209
-0.242096
-0.235991
-0.229905
-0.223774
-0.217629
-0.211513
-0.205372
-0.199195
-0.193044
-0.186893
-0.180695
-0.174508
-0.168341
-0.162133
-0.155913
-0.149725
-0.143513
-0.137269
-0.131053
-0.124838
-0.118580
-0.112335
-0.106113
-0.099852
-0.093582
-0.087345
-0.081088
-0.074800
-0.068544
-0.062291
-0.055998
-0.049719
-0.043467
-0.037178
-0.030881
-0.024621
-0.018343
-0.012037
-0.005765
0.000501
0.006806
0.013093
0.019352
0.025644
0.031942
0.038200
0.044474
0.050774
0.057037
0.063292
0.069583
0.075853
0.082093
0.088365
0.094639
0.100870
0.107116
0.113385
0.119614
0.125833
0.132085
0.138315
0.144511
0.150736
0.156962
0.163143
0.169335
0.175548
0.181719
0.187877
0.194066
0.200230
0.206358
0.212513
0.218666
0.224771
0.230886
0.237018
0.243107
0.249180
0.255281
0.261355
0.267391
0.273451
0.279507
0.285513
0.291525
0.297553
0.303535
0.309499
0.315489
0.321449
0.327369
0.333310
0.339245
0.345127
0.351014
0.356914
0.362766
0.368597
0.374452
0.380274
0.386054
0.391854
0.397644
0.403380
0.409117
0.414866
0.420564
0.426239
0.431936
0.437598
0.443216
0.448850
0.454473
0.460040
0.465606
0.471181
0.476703
0.482200
0.487716
0.493196
0.498628
0.504076
0.509509
0.514885
0.520257
0.525636
0.530960
0.536257
0.541572
0.546847
0.552073
0.557312
0.562535
0.567697
0.572855
0.578017
0.583122
0.588198
0.593289
0.598340
0.603338
0.608348
0.613340
0.618269
0.623192
0.628117
0.632983
0.637818
0.642666
0.647471
0.652223
0.656984
0.661725
0.666401
0.671069
0.675738
0.680345
0.684920
0.689506
0.694047
0.698533
0.703026
0.707498
0.711903
0.716298
0.720692
0.725023
0.729319
0.733625
0.737884
0.742086
0.746294
0.750479
0.754595
0.758700
0.762802
0.766839
0.770839
0.774848
0.778809
0.782711
0.786617
0.790498
0.794309
0.798107
0.801901
0.805628
0.809318
0.813014
0.816660
0.820246
0.823835
0.827397
0.830889
0.834365
0.837835
0.841238
0.844602
0.847970
0.851288
0.854544
0.857802
0.861031
0.864188
0.867329
0.870463
0.873528
0.876552
0.879581
0.882556
0.885470
0.888383
0.891267
0.894078
0.896871
0.899656
0.902370
0.905044
0.907719
0.910342
0.912901
0.915458
0.917985
0.920438
0.922872
0.925297
0.927651
0.929963
0.932276
0.934534
0.936728
0.938920
0.941081
0.943166
0.945232
0.947288
0.949271
0.951212
0.953153
0.955038
0.956859
0.958677
0.960462
0.962172
0.963861
0.965539
0.967145
0.968706
0.970268
0.971774
0.973213
0.974650
0.976053
0.977380
0.978686
0.979980
0.981201
0.982378
0.983554
0.984674
0.985727
0.986776
0.987792
0.988731
0.989648
0.990554
0.991385
0.992172
0.992958
0.993687
0.994350
0.995008
0.995632
0.996179
0.996704
0.997218
0.997657
0.998051
0.998444
0.998779
0.999048
0.999312
0.999543
0.999696
0.999827
0.999946
0.999991
0.999990
0.999989
0.999930
0.999804
0.999673
0.999509
0.999267
0.999004
0.998728
0.998378
0.997983
0.997587
0.997134
0.996614
0.996089
0.995531
0.994895
0.994238
0.993569
0.992825
0.992037
0.991248
0.990402
0.989490
0.988573
0.987623
0.986596
0.985548
0.984488
0.983354
0.982176
0.980997
0.979762
0.978461
0.977156
0.975818
0.974403
0.972968
0.971522
0.970002
0.968439
0.966875
0.965255
0.963570
0.961882
0.960162
0.958365
0.956548
0.954721
0.952822
0.950879
0.948937
0.946939
0.944877
0.942812
0.940716
0.938544
0.936354
0.934153
0.931881
0.929566
0.927253
0.924886
0.922454
0.920021
0.917558
0.915020
0.912463
0.909898
0.907262
0.904585
0.901910
0.899182
0.896391
0.893599
0.890778
0.887883
0.884972
0.882052
0.879063
0.876034
0.873008
0.869930
0.866790
0.863650
0.860483
0.857243
0.853987
0.850725
0.847394
0.844025
0.840660
0.837244
0.833768
0.830293
0.826792
0.823219
0.819633
0.816040
0.812381
0.808685
0.804994
0.801254
0.797455
0.793659
0.789838
0.785947
0.782043
0.778135
0.774162
0.770153
0.766151
0.762102
0.757995
0.753893
0.749766
0.745572
0.741367
0.737159
0.732888
0.728582
0.724285
0.719942
0.715543
0.711151
0.706736
0.702255
0.697765
0.693274
0.688721
0.684135
0.679560
0.674941
0.670267
0.665602
0.660917
0.656167
0.651409
0.646652
0.641836
0.636988
0.632153
0.627276
0.622346
0.617427
0.612489
0.607488
0.602482
0.597479
0.592417
0.587327
0.582252
0.577135
0.571969
0.566815
0.561644
0.556413
0.551177
0.545947
0.540661
0.535348
0.530052
0.524717
0.519334
0.513965
0.508582
0.503141
0.497697
0.492261
0.486771
0.481256
0.475760
0.470228
0.464650
0.459088
0.453514
0.447883
0.442253
0.436632
0.430960
0.425265
0.419591
0.413883
0.408131
0.402398
0.396655
0.390858
0.385063
0.379280
0.373448
0.367595
0.361766
0.355905
0.350002
0.344121
0.338231
0.332290
0.326354
0.320432
0.314462
0.308475
0.302513
0.296522
0.290492
0.284485
0.278472
0.272411
0.266356
0.260318
0.254235
0.248137
0.242066
0.235969
0.229835
0.223726
0.217615
0.211456
0.205307
0.199177
0.193005
0.186819
0.180664
0.174484
0.168270
0.162085
0.155898
0.149667
0.143448
0.137251
0.131013
0.124764
0.118549
0.112311
0.106042
0.099803
0.093566
0.087287
0.081023
0.074782
0.068504
0.062217
0.055966
0.049695
0.043395
0.037128
0.030865
0.024563
0.018278
0.012019
0.005724
-0.000576
-0.006837
-0.013117
-0.019423
-0.025694
-0.031957
-0.038258
-0.044540
-0.050792
-0.057078
-0.063366
-0.069614
-0.075877
-0.082165
-0.088414
-0.094654
-0.100929
-0.107181
-0.113403
-0.119654
-0.125907
-0.132116
-0.138338
-0.144582
-0.150785
-0.156977
-0.163201
-0.169400
-0.175565
-0.181759
-0.187951
-0.194097
-0.200253
-0.206429
-0.212562
-0.218680
-0.224829
-0.230950
-0.237035
-0.243146
-0.249253
-0.255311
-0.261378
-0.267461
-0.273499
-0.279521
-0.285569
-0.291589
-0.297570
-0.303573
-0.309571
-0.315518
-0.321471
-0.327438
-0.333357
-0.339257
-0.345183
-0.351077
-0.356929
-0.362803
-0.368668
-0.374480
-0.380295
-0.386122
-0.391899
-0.397655
-0.403434
-0.409179
-0.414880
-0.420600
-0.426309
-0.431963
-0.437618
-0.443283
-0.448895
-0.454484
-0.460093
-0.465666
-0.471194
-0.476738
-0.482269
-0.487742
-0.493214
-0.498694
-0.504119
-0.509519
-0.514937
-0.520316
-0.525648
-0.530994
-0.536325
-0.541596
-0.546864
-0.552137
-0.557353
-0.562543
-0.567748
-0.572912
-0.578027
-0.583154
-0.588264
-0.593312
-0.598355
-0.603401
-0.608388
-0.613346
-0.618318
-0.623248
-0.628125
-0.633013
-0.637882
-0.642687
-0.647484
-0.652283
-0.657022
-0.661729
-0.666448
-0.671123
-0.675744
-0.680374
-0.684982
-0.689525
-0.694058
-0.698592
-0.703063
-0.707500
-0.711948
-0.716350
-0.720696
-0.725049
-0.729379
-0.733642
-0.737893
-0.742143
-0.746329
-0.750479
-0.754638
-0.758750
-0.762804
-0.766863
-0.770897
-0.774863
-0.778816
-0.782765
-0.786649
-0.790496
-0.794350
-0.798155
-0.801901
-0.805650
-0.809373
-0.813026
-0.816665
-0.820299
-0.823865
-0.827393
-0.830927
-0.834410
-0.837833
-0.841258
-0.844655
-0.847981
-0.851291
-0.854594
-0.857829
-0.861025
-0.864225
-0.867372
-0.870459
-0.873545
-0.876603
-0.879588
-0.882557
-0.885517
-0.888408
-0.891258
-0.894111
-0.896911
-0.899649
-0.902385
-0.905092
-0.907725
-0.910339
-0.912945
-0.915481
-0.917974
-0.920469
-0.922910
-0.925288
-0.927664
-0.930009
-0.932278
-0.934529
-0.936771
-0.938940
-0.941067
-0.943195
-0.945267
-0.947275
-0.949281
-0.951255
-0.953153
-0.955031
-0.956899
-0.958694
-0.960446
-0.962198
-0.963893
-0.965524
-0.967152
-0.968747
-0.970265
-0.971763
-0.973250
-0.974664
-0.976034
-0.977403
-0.978716
-0.979963
-0.981206
-0.982416
-0.983548
-0.984661
-0.985761
-0.986787
-0.987770
-0.988751
-0.989675
-0.990533
-0.991387
-0.992207
-0.992950
-0.993672
-0.994381
-0.995016
-0.995607
-0.996197
-0.996729
-0.997194
-0.997656
-0.998083
-0.998432
-0.998761
-0.999077
-0.999318
-0.999515
-0.999711
-0.999849
-0.999920
-0.999987
-1.000020
-0.999975
-0.999908
-0.999830
-0.999677
-0.999479
-0.999279
-0.999023
-0.998699
-0.998371
-0.998010
-0.997570
-0.997110
-0.996637
-0.996089
-0.995497
-0.994904
-0.994254
-0.993537
-0.992816
-0.992061
-0.991229
-0.990375
-0.989510
-0.988571
-0.987587
-0.986603
-0.985561
-0.984453
-0.983342
-0.982197
-0.980975
-0.979733
-0.978478
-0.977151
-0.975779
-0.974407
-0.972978
-0.971484
-0.969987
-0.968457
-0.966850
-0.965223
-0.963585
-0.961874
-0.960120
-0.958366
-0.956556
-0.954681
-0.952804
-0.950894
-0.948909
-0.946904
-0.944889
-0.942801
-0.940672
-0.938543
-0.936359
-0.934110
-0.931860
-0.929579
-0.927223
-0.924848
-0.922464
-0.920008
-0.917511
-0.915015
-0.912466
-0.909853
-0.907239
-0.904595
-0.901877
-0.899142
-0.896398
-0.893583
-0.890728
-0.887877
-0.884971
-0.882004
-0.879037
-0.876041
-0.872972
-0.869887
-0.866794
-0.863632
-0.860431
-0.857234
-0.853985
-0.850675
-0.847366
-0.844030
-0.840622
-0.837199
-0.833769
-0.830272
-0.826737
-0.823208
-0.819627
-0.815988
-0.812351
-0.808687
-0.804954
-0.801206
-0.797454
-0.793636
-0.789781
-0.785933
-0.782036
-0.778081
-0.774130
-0.770153
-0.766109
-0.762052
-0.757992
-0.753867
-0.749708
-0.745556
-0.741357
-0.737102
-0.732853
-0.728580
-0.724240
-0.719890
-0.715538
-0.711123
-0.706675
-0.702237
-0.697753
-0.693215
-0.688684
-0.684131
-0.679513
-0.674887
-0.670261
-0.665573
-0.660854
-0.656147
-0.651395
-0.646592
-0.641797
-0.636983
-0.632105
-0.627220
-0.622338
-0.617396
-0.612424
-0.607467
-0.602467
-0.597416
-0.592377
-0.587320
-0.582201
-0.577078
-0.571959
-0.566782
-0.561578
-0.556389
-0.551160
-0.545883
-0.540619
-0.535339
-0.530000
-0.524658
-0.519322
-0.513931
-0.508514
-0.503116
-0.497679
-0.492196
-0.486728
-0.481246
-0.475707
-0.470168
-0.464637
-0.459052
-0.453444
-0.447857
-0.442233
-0.436565
-0.430915
-0.425253
-0.419537
-0.413822
-0.408117
-0.402361
-0.396585
-0.390830
-0.385042
-0.379212
-0.373402
-0.367583
-0.361710
-0.355842
-0.349987
-0.344083
-0.338160
-0.332261
-0.326332
-0.320362
-0.314415
-0.308461
-0.302457
-0.296458
-0.290475
-0.284446
-0.278400
-0.272381
-0.266333
-0.260248
-0.254188
-0.248122
-0.242009
-0.235905
-0.229818
-0.223687
-0.217542
-0.211426
-0.205284
-0.199107
-0.192957
-0.186804
-0.180606
-0.174420
-0.168253
-0.162044
-0.155824
-0.149636
-0.143424
-0.137179
-0.130964
-0.124749
-0.118491
-0.112246
-0.106024
-0.099763
-0.093492
-0.087256
-0.080999
-0.074711
-0.068455
-0.062202
-0.055908
-0.049630
-0.043377
-0.037087
-0.030791
-0.024532
-0.018253
-0.011947
-0.005675
0.000591
0.006896
0.013182
0.019441
0.025734
0.032032
0.038289
0.044564
0.050864
0.057126
0.063382
0.069673
0.075943
0.082183
0.088454
0.094728
0.100959
0.107205
0.113474
0.119703
0.125922
0.132175
0.138403
0.144600
0.150826
0.157050
0.163231
0.169424
0.175636
0.181807
0.187965
0.194155
0.200318
0.206446
0.212601
0.218753
0.224858
0.230973
0.237106
0.243194
0.249267
0.255369
0.261442
0.267478
0.273538
0.279593
0.285598
0.291611
0.297639
0.303620
0.309584
0.315575
0.321534
0.327453
0.333395
0.339329
0.345211
0.351098
0.356998
0.362849
0.368680
0.374535
0.380357
0.386137
0.391937
0.397726
0.403461
0.409199
0.414948
0.420645
0.426321
0.432018
0.437679
0.443296
0.448931
0.454553
0.460119
0.465686
0.471260
0.476781
0.482279
0.487795
0.493274
0.498706
0.504154
0.509587
0.514961
0.520334
0.525713
0.531036
0.536333
0.541647
0.546922
0.552148
0.557387
0.562609
0.567771
0.572929
0.578091
0.583195
0.588271
0.593362
0.598411
0.603410
0.608420
0.613411
0.618339
0.623262
0.628187
0.633052
0.637887
0.642735
0.647539
0.652291
0.657052
0.661792
0.666468
0.671136
0.675804
0.680411
0.684985
0.689571
0.694111
0.698597
0.703091
0.707561
0.711966
0.716361
0.720754
0.725084
0.729380
0.733686
0.737944
0.742146
0.746354
0.750538
0.754654
0.758758
0.762860
0.766896
0.770897
0.774905
0.778865
0.782767
0.786673
0.790553
0.794364
0.798161
0.801955
0.805681
0.809370
0.813066
0.816711
0.820297
0.823886
0.827448
0.830938
0.834414
0.837884
0.841286
0.844650
0.848018
0.851335
0.854591
0.857848
0.861077
0.864233
0.867374
0.870507
0.873571
0.876596
0.879624
0.882598
0.885511
0.888425
0.891308
0.894117
0.896911
0.899695
0.902409
0.905082
0.907757
0.910378
0.912937
0.915495
0.918021
0.920473
0.922907
0.925332
0.927685
0.929996
0.932309
0.934566
0.936760
0.938951
0.941111
0.943196
0.945261
0.947317
0.949299
0.951239
0.953180
0.955065
0.956885
0.958703
0.960487
0.962196
0.963885
0.965563
0.967167
0.968729
0.970290
0.971794
0.973234
0.974670
0.976073
0.977398
0.978704
0.979998
0.981218
0.982395
0.983571
0.984689
0.985742
0.986791
0.987806
0.988744
0.989661
0.990566
0.991397
0.992184
0.992969
0.993697
0.994359
0.995017
0.995640
0.996187
0.996712
0.997224
0.997663
0.998057
0.998449
0.998784
0.999052
0.999316
0.999546
0.999698
0.999829
0.999947
0.999991
0.999990
0.999988
0.999928
0.999802
0.999671
0.999506
0.999264
0.999000
0.998724
0.998373
0.997978
0.997581
0.997127
0.996606
0.996081
0.995522
0.994886
0.994228
0.993559
0.992814
0.992026
0.991237
0.990390
0.989477
0.988560
0.987609
0.986581
0.985533
0.984472
0.983338
0.982159
0.980980
0.979744
0.978442
0.977137
0.975798
0.974383
0.972948
0.971501
0.969980
0.968416
0.966852
0.965232
0.963546
0.961858
0.960137
0.958339
0.956523
0.954695
0.952794
0.950851
0.948909
0.946910
0.944847
0.942783
0.940685
0.938513
0.936322
0.934121
0.931848
0.929533
0.927220
0.924851
0.922419
0.919986
0.917522
0.914983
0.912427
0.909861
0.907224
0.904547
0.901872
0.899142
0.896351
0.893559
0.890737
0.887842
0.884930
0.882010
0.879020
0.875990
0.872964
0.869885
0.866745
0.863606
0.860437
0.857197
0.853941
0.850678
0.847346
0.843977
0.840611
0.837194
0.833718
0.830244
0.826741
0.823168
0.819581
0.815989
0.812329
0.808632
0.804941
0.801200
0.797401
0.793605
0.789783
0.785891
0.781987
0.778079
0.774105
0.770096
0.766094
0.762043
0.757936
0.753834
0.749707
0.745512
0.741307
0.737099
0.732826
0.728520
0.724223
0.719879
0.715480
0.711088
0.706673
0.702191
0.697701
0.693209
0.688655
0.684069
0.679495
0.674874
0.670201
0.665536
0.660849
0.656099
0.651341
0.646584
0.641766
0.636919
0.632084
0.627206
0.622276
0.617357
0.612418
0.607417
0.602411
0.597407
0.592345
0.587254
0.582179
0.577062
0.571895
0.566741
0.561570
0.556338
0.551103
0.545872
0.540585
0.535272
0.529976
0.524640
0.519257
0.513889
0.508505
0.503063
0.497620
0.492183
0.486692
0.481178
0.475682
0.470148
0.464570
0.459008
0.453433
0.447802
0.442173
0.436552
0.430879
0.425184
0.419510
0.413801
0.408049
0.402316
0.396573
0.390775
0.384981
0.379198
0.373364
0.367512
0.361683
0.355821
0.349918
0.344037
0.338146
0.332205
0.326269
0.320347
0.314377
0.308389
0.302428
0.296436
0.290406
0.284399
0.278386
0.272324
0.266270
0.260232
0.254148
0.248050
0.241980
0.235881
0.229747
0.223639
0.217527
0.211368
0.205220
0.199090
0.192916
0.186731
0.180576
0.174396
0.168182
0.161996
0.155809
0.149578
0.143359
0.137162
0.130924
0.124675
0.118461
0.112222
0.105953
0.099714
0.093477
0.087197
0.080934
0.074693
0.068414
0.062128
0.055877
0.049605
0.043305
0.037039
0.030775
0.024473
0.018188
0.011929
0.005634
-0.000665
-0.006927
-0.013207
-0.019513
-0.025783
-0.032047
-0.038348
-0.044629
-0.050882
-0.057168
-0.063456
-0.069703
-0.075967
-0.082254
-0.088503
-0.094743
-0.101018
-0.107270
-0.113492
-0.119744
-0.125996
-0.132205
-0.138427
-0.144671
-0.150874
-0.157066
-0.163290
-0.169488
-0.175654
-0.181847
-0.188039
-0.194184
-0.200341
-0.206517
-0.212649
-0.218768
-0.224916
-0.231037
-0.237122
-0.243233
-0.249339
-0.255398
-0.261465
-0.267548
-0.273585
-0.279607
-0.285656
-0.291674
-0.297655
-0.303659
-0.309656
-0.315603
-0.321556
-0.327523
-0.333441
-0.339342
-0.345267
-0.351160
-0.357013
-0.362887
-0.368751
-0.374562
-0.380378
-0.386205
-0.391981
-0.397738
-0.403517
-0.409261
-0.414962
-0.420682
-0.426390
-0.432044
-0.437699
-0.443363
-0.448975
-0.454564
-0.460173
-0.465746
-0.471273
-0.476817
-0.482347
-0.487820
-0.493292
-0.498772
-0.504196
-0.509596
-0.515014
-0.520393
-0.525724
-0.531070
-0.536400
-0.541671
-0.546939
-0.552212
-0.557428
-0.562617
-0.567822
-0.572986
-0.578101
-0.583228
-0.588336
-0.593384
-0.598427
-0.603473
-0.608459
-0.613417
-0.618389
-0.623318
-0.628195
-0.633083
-0.637951
-0.642755
-0.647553
-0.652352
-0.657089
-0.661796
-0.666516
-0.671189
-0.675810
-0.680440
-0.685047
-0.689589
-0.694123
-0.698656
-0.703126
-0.707564
-0.712012
-0.716412
-0.720758
-0.725111
-0.729440
-0.733702
-0.737954
-0.742203
-0.746388
-0.750539
-0.754698
-0.758808
-0.762862
-0.766921
-0.770954
-0.774919
-0.778873
-0.782821
-0.786704
-0.790551
-0.794405
-0.798209
-0.801955
-0.805704
-0.809426
-0.813078
-0.816717
-0.820350
-0.823915
-0.827444
-0.830977
-0.834459
-0.837882
-0.841307
-0.844703
-0.848028
-0.851338
-0.854641
-0.857875
-0.861071
-0.864270
-0.867417
-0.870503
-0.873590
-0.876646
-0.879631
-0.882599
-0.885559
-0.888449
-0.891299
-0.894152
-0.896951
-0.899688
-0.902424
-0.905130
-0.907762
-0.910377
-0.912982
-0.915516
-0.918010
-0.920505
-0.922945
-0.925322
-0.927698
-0.930041
-0.932310
-0.934562
-0.936802
-0.938970
-0.941097
-0.943225
-0.945296
-0.947304
-0.949310
-0.951282
-0.953179
-0.955058
-0.956925
-0.958719
-0.960471
-0.962222
-0.963917
-0.965548
-0.967175
-0.968769
-0.970287
-0.971785
-0.973271
-0.974684
-0.976053
-0.977422
-0.978734
-0.979980
-0.981223
-0.982432
-0.983564
-0.984677
-0.985776
-0.986802
-0.987784
-0.988765
-0.989688
-0.990545
-0.991399
-0.992218
-0.992960
-0.993682
-0.994391
-0.995025
-0.995616
-0.996205
-0.996736
-0.997201
-0.997662
-0.998088
-0.998437
-0.998766
-0.999081
-0.999321
-0.999518
-0.999713
-0.999850
-0.999921
-0.999988
-1.000019
-0.999974
-0.999908
-0.999828
-0.999674
-0.999476
-0.999276
-0.999018
-0.998695
-0.998367
-0.998004
-0.997564
-0.997103
-0.996629
-0.996081
-0.995489
-0.994896
-0.994244
-0.993527
-0.992805
-0.992050
-0.991216
-0.990363
-0.989497
-0.988557
-0.987573
-0.986588
-0.985545
-0.984437
-0.983326
-0.982180
-0.980957
-0.979715
-0.978460
-0.977131
-0.975760
-0.974387
-0.972957
-0.971463
-0.969966
-0.968434
-0.966826
-0.965200
-0.963561
-0.961849
-0.960095
-0.958341
-0.956530
-0.954654
-0.952777
-0.950866
-0.948880
-0.946875
-0.944860
-0.942771
-0.940641
-0.938512
-0.936327
-0.934078
-0.931828
-0.929546
-0.927189
-0.924814
-0.922429
-0.919972
-0.917475
-0.914979
-0.912428
-0.909815
-0.907202
-0.904557
-0.901838
-0.899103
-0.896358
-0.893543
-0.890688
-0.887836
-0.884929
-0.881962
-0.878995
-0.875998
-0.872928
-0.869843
-0.866749
-0.863586
-0.860385
-0.857188
-0.853938
-0.850627
-0.847319
-0.843982
-0.840573
-0.837150
-0.833720
-0.830222
-0.826687
-0.823157
-0.819576
-0.815936
-0.812299
-0.808635
-0.804900
-0.801153
-0.797400
-0.793581
-0.789726
-0.785878
-0.781979
-0.778024
-0.774073
-0.770096
-0.766051
-0.761994
-0.757934
-0.753808
-0.749648
-0.745497
-0.741297
-0.737041
-0.732792
-0.728519
-0.724178
-0.719828
-0.715476
-0.711060
-0.706612
-0.702174
-0.697689
-0.693150
-0.688619
-0.684066
-0.679447
-0.674821
-0.670194
-0.665506
-0.660787
-0.656079
-0.651327
-0.646523
-0.641729
-0.636913
-0.632035
-0.627150
-0.622268
-0.617325
-0.612353
-0.607396
-0.602395
-0.597344
-0.592305
-0.587247
-0.582128
-0.577005
-0.571885
-0.566708
-0.561503
-0.556315
-0.551085
-0.545808
-0.540544
-0.535263
-0.529924
-0.524582
-0.519246
-0.513854
-0.508437
-0.503039
-0.497601
-0.492117
-0.486650
-0.481167
-0.475628
-0.470089
-0.464557
-0.458972
-0.453364
-0.447777
-0.442152
-0.436485
-0.430835
-0.425172
-0.419455
-0.413740
-0.408035
-0.402279
-0.396502
-0.390748
-0.384959
-0.379129
-0.373319
-0.367499
-0.361626
-0.355759
-0.349903
-0.343998
-0.338075
-0.332177
-0.326247
-0.320277
-0.314331
-0.308376
-0.302371
-0.296373
-0.290390
-0.284359
-0.278314
-0.272295
-0.266247
-0.260161
-0.254101
-0.248035
-0.241922
-0.235818
-0.229730
-0.223599
-0.217454
-0.211339
-0.205196
-0.199019
-0.192869
-0.186716
-0.180518
-0.174332
-0.168165
-0.161955
-0.155736
-0.149548
-0.143335
-0.137090
-0.130876
-0.124660
-0.118401
-0.112157
-0.105935
-0.099673
-0.093403
-0.087167
-0.080909
-0.074621
-0.068366
-0.062112
-0.055818
-0.049541
-0.043288
-0.036997
-0.030702
-0.024443
-0.018163
-0.011857
-0.005586
0.000681
0.006986
0.013272
0.019531
0.025824
0.032121
0.038379
0.044654
0.050954
0.057216
0.063472
0.069763
0.076032
0.082272
0.088544
0.094817
0.101048
0.107295
0.113563
0.119792
0.126011
0.132264
0.138492
0.144688
0.150915
0.157139
0.163319
0.169512
0.175725
0.181895
0.188054
0.194243
0.200405
0.206534
0.212689
0.218841
0.224946
0.231061
0.237193
0.243280
0.249354
0.255456
0.261528
0.267564
0.273625
0.279679
0.285684
0.291697
0.297725
0.303705
0.309670
0.315660
0.321618
0.327538
0.333480
0.339413
0.345295
0.351182
0.357082
0.362932
0.368764
0.374619
0.380440
0.386219
0.392019
0.397808
0.403543
0.409282
0.415030
0.420726
0.426402
0.432099
0.437759
0.443376
0.449012
0.454633
0.460199
0.465765
0.471340
0.476860
0.482357
0.487874
0.493351
0.498784
0.504232
0.509664
0.515038
0.520411
0.525789
0.531112
0.536409
0.541723
0.546996
0.552222
0.557462
0.562683
0.567844
0.573003
0.578164
0.583267
0.588344
0.593435
0.598483
0.603481
0.608492
0.613482
0.618410
0.623333
0.628257
0.633121
0.637956
0.642804
0.647607
0.652359
0.657120
0.661859
0.666534
0.671203
0.675871
0.680476
0.685051
0.689637
0.694176
0.698661
0.703155
0.707625
0.712028
0.716424
0.720817
0.725146
0.729442
0.733747
0.738004
0.742206
0.746415
0.750597
0.754712
0.758817
0.762918
0.766953
0.770954
0.774962
0.778921
0.782822
0.786729
0.790608
0.794418
0.798216
0.802008
0.805734
0.809423
0.813119
0.816763
0.820349
0.823938
0.827498
0.830988
0.834464
0.837934
0.841334
0.844698
0.848066
0.851382
0.854637
0.857895
0.861122
0.864278
0.867419
0.870552
0.873615
0.876639
0.879667
0.882640
0.885553
0.888466
0.891348
0.894157
0.896951
0.899734
0.902447
0.905120
0.907795
0.910415
0.912973
0.915531
0.918056
0.920508
0.922942
0.925366
0.927718
0.930029
0.932341
0.934597
0.936791
0.938983
0.941141
0.943225
0.945291
0.947345
0.949327
0.951267
0.953208
0.955091
0.956911
0.958728
0.960512
0.962220
0.963909
0.965586
0.967190
0.968751
0.970312
0.971815
0.973254
0.974690
0.976092
0.977417
0.978723
0.980016
0.981235
0.982412
0.983587
0.984704
0.985757
0.986806
0.987820
0.988757
0.989674
0.990579
0.991408
0.992195
0.992980
0.993707
0.994368
0.995026
0.995649
0.996194
0.996719
0.997231
0.997668
0.998062
0.998454
0.998788
0.999056
0.999320
0.999548
0.999700
0.999831
0.999949
0.999991
0.999990
0.999988
0.999927
0.999800
0.999670
0.999503
0.999260
0.998996
0.998719
0.998367
0.997972
0.997575
0.997119
0.996599
0.996074
0.995514
0.994876
0.994219
0.993549
0.992803
0.992015
0.991225
0.990377
0.989464
0.988547
0.987595
0.986566
0.985518
0.984457
0.983321
0.982143
0.980963
0.979726
0.978424
0.977119
0.975779
0.974362
0.972927
0.971479
0.969958
0.968394
0.966830
0.965208
0.963522
0.961834
0.960111
0.958313
0.956497
0.954668
0.952767
0.950823
0.948881
0.946881
0.944818
0.942753
0.940655
0.938482
0.936291
0.934089
0.931815
0.929500
0.927187
0.924817
0.922385
0.919952
0.917486
0.914946
0.912390
0.909824
0.907186
0.904509
0.901833
0.899103
0.896311
0.893519
0.890696
0.887800
0.884889
0.881968
0.878977
0.875947
0.872921
0.869840
0.866700
0.863561
0.860391
0.857150
0.853894
0.850631
0.847298
0.843928
0.840563
0.837145
0.833668
0.830194
0.826691
0.823117
0.819530
0.815937
0.812276
0.808579
0.804888
0.801146
0.797346
0.793551
0.789727
0.785835
0.781932
0.778023
0.774048
0.770039
0.766037
0.761985
0.757877
0.753775
0.749647
0.745452
0.741247
0.737038
0.732765
0.728459
0.724162
0.719817
0.715417
0.711025
0.706609
0.702127
0.697637
0.693145
0.688590
0.684004
0.679429
0.674808
0.670134
0.665469
0.660782
0.656031
0.651273
0.646516
0.641697
0.636850
0.632015
0.627135
0.622205
0.617286
0.612347
0.607345
0.602339
0.597335
0.592272
0.587182
0.582106
0.576988
0.571821
0.566668
0.561495
0.556263
0.551028
0.545797
0.540509
0.535197
0.529900
0.524564
0.519180
0.513812
0.508428
0.502985
0.497542
0.492105
0.486614
0.481099
0.475603
0.470069
0.464490
0.458929
0.453353
0.447722
0.442092
0.436471
0.430797
0.425103
0.419429
0.413719
0.407967
0.402235
0.396490
0.390692
0.384898
0.379115
0.373281
0.367428
0.361599
0.355736
0.349834
0.343953
0.338062
0.332120
0.326184
0.320262
0.314291
0.308304
0.302343
0.296350
0.290320
0.284313
0.278300
0.272237
0.266184
0.260145
0.254061
0.247963
0.241893
0.235794
0.229660
0.223552
0.217439
0.211280
0.205132
0.199002
0.192828
0.186643
0.180488
0.174307
0.168093
0.161908
0.155720
0.149489
0.143271
0.137073
0.130834
0.124586
0.118372
0.112133
0.105863
0.099625
0.093387
0.087108
0.080844
0.074603
0.068324
0.062038
0.055788
0.049515
0.043216
0.036950
0.030686
0.024383
0.018099
0.011839
0.005544
-0.000755
-0.007016
-0.013297
-0.019603
-0.025872
-0.032137
-0.038438
-0.044719
-0.050971
-0.057258
-0.063545
-0.069793
-0.076057
-0.082344
-0.088592
-0.094833
-0.101108
-0.107359
-0.113581
-0.119833
-0.126085
-0.132293
-0.138517
-0.144760
-0.150962
-0.157154
-0.163379
-0.169576
-0.175742
-0.181936
-0.188127
-0.194272
-0.200430
-0.206605
-0.212736
-0.218856
-0.225004
-0.231124
-0.237209
-0.243321
-0.249426
-0.255484
-0.261552
-0.267634
-0.273671
-0.279693
-0.285742
-0.291760
-0.297741
-0.303745
-0.309742
-0.315688
-0.321641
-0.327608
-0.333525
-0.339427
-0.345352
-0.351244
-0.357097
-0.362971
-0.368834
-0.374645
-0.380461
-0.386288
-0.392064
-0.397820
-0.403599
-0.409342
-0.415043
-0.420764
-0.426472
-0.432124
-0.437780
-0.443444
-0.449055
-0.454644
-0.460253
-0.465825
-0.471352
-0.476897
-0.482426
-0.487898
-0.493371
-0.498850
-0.504273
-0.509673
-0.515091
-0.520469
-0.525800
-0.531147
-0.536476
-0.541746
-0.547014
-0.552287
-0.557502
-0.562691
-0.567896
-0.573059
-0.578174
-0.583301
-0.588409
-0.593456
-0.598499
-0.603544
-0.608530
-0.613488
-0.618460
-0.623387
-0.628265
-0.633153
-0.638020
-0.642823
-0.647622
-0.652420
-0.657157
-0.661864
-0.666583
-0.671256
-0.675876
-0.680506
-0.685113
-0.689654
-0.694188
-0.698721
-0.703190
-0.707627
-0.712075
-0.716475
-0.720821
-0.725174
-0.729502
-0.733763
-0.738015
-0.742264
-0.746447
-0.750598
-0.754757
-0.758866
-0.762920
-0.766979
-0.771011
-0.774976
-0.778929
-0.782877
-0.786759
-0.790606
-0.794460
-0.798262
-0.802008
-0.805757
-0.809479
-0.813130
-0.816769
-0.820402
-0.823966
-0.827494
-0.831028
-0.834509
-0.837931
-0.841356
-0.844751
-0.848075
-0.851385
-0.854688
-0.857921
-0.861116
-0.864316
-0.867461
-0.870547
-0.873634
-0.876689
-0.879673
-0.882642
-0.885601
-0.888490
-0.891340
-0.894193
-0.896990
-0.899727
-0.902463
-0.905168
-0.907799
-0.910414
-0.913019
-0.915552
-0.918045
-0.920540
-0.922979
-0.925356
-0.927732
-0.930074
-0.932342
-0.934594
-0.936834
-0.939001
-0.941128
-0.943255
-0.945325
-0.947333
-0.949338
-0.951310
-0.953206
-0.955085
-0.956951
-0.958744
-0.960496
-0.962247
-0.963941
-0.965571
-0.967198
-0.968791
-0.970308
-0.971806
-0.973292
-0.974703
-0.976073
-0.977442
-0.978752
-0.979998
-0.981241
-0.982449
-0.983580
-0.984693
-0.985791
-0.986816
-0.987798
-0.988778
-0.989700
-0.990557
-0.991411
-0.992229
-0.992970
-0.993692
-0.994400
-0.995034
-0.995624
-0.996213
-0.996743
-0.997207
-0.997669
-0.998094
-0.998442
-0.998770
-0.999085
-0.999324
-0.999521
-0.999716
-0.999851
-0.999922
-0.999989
-1.000019
-0.999973
-0.999907
-0.999826
-0.999671
-0.999473
-0.999273
-0.999014
-0.998690
-0.998362
-0.997998
-0.997557
-0.997096
-0.996622
-0.996073
-0.995480
-0.994887
-0.994234
-0.993516
-0.992795
-0.992038
-0.991204
-0.990351
-0.989484
-0.988543
-0.987559
-0.986574
-0.985530
-0.984421
-0.983310
-0.982163
-0.980939
-0.979697
-0.978442
-0.977112
-0.975740
-0.974367
-0.972936
-0.971442
-0.969944
-0.968412
-0.966803
-0.965177
-0.963537
-0.961824
-0.960070
-0.958315
-0.956503
-0.954628
-0.952750
-0.950838
-0.948851
-0.946847
-0.944830
-0.942741
-0.940611
-0.938481
-0.936295
-0.934046
-0.931796
-0.929513
-0.927155
-0.924780
-0.922395
-0.919937
-0.917439
-0.914944
-0.912391
-0.909778
-0.907164
-0.904518
-0.901799
-0.899064
-0.896318
-0.893502
-0.890647
-0.887795
-0.884887
-0.881919
-0.878953
-0.875954
-0.872884
-0.869799
-0.866705
-0.863541
-0.860340
-0.857142
-0.853891
-0.850580
-0.847272
-0.843933
-0.840524
-0.837101
-0.833671
-0.830172
-0.826637
-0.823107
-0.819524
-0.815884
-0.812247
-0.808582
-0.804846
-0.801100
-0.797346
-0.793526
-0.789671
-0.785823
-0.781923
-0.777967
-0.774017
-0.770039
-0.765993
-0.761936
-0.757875
-0.753749
-0.749589
-0.745437
-0.741236
-0.736981
-0.732732
-0.728457
-0.724116
-0.719766
-0.715413
-0.710996
-0.706548
-0.702110
-0.697624
-0.693085
-0.688555
-0.684000
-0.679381
-0.674755
-0.670128
-0.665438
-0.660719
-0.656012
-0.651259
-0.646454
-0.641660
-0.636844
-0.631965
-0.627081
-0.622197
-0.617254
-0.612282
-0.607325
-0.602323
-0.597272
-0.592233
-0.587174
-0.582055
-0.576932
-0.571812
-0.566633
-0.561429
-0.556241
-0.551010
-0.545732
-0.540469
-0.535187
-0.529847
-0.524506
-0.519169
-0.513776
-0.508360
-0.502961
-0.497523
-0.492039
-0.486572
-0.481088
-0.475548
-0.470010
-0.464478
-0.458892
-0.453284
-0.447697
-0.442072
-0.436404
-0.430754
-0.425091
-0.419373
-0.413659
-0.407953
-0.402196
-0.396420
-0.390666
-0.384876
-0.379046
-0.373236
-0.367415
-0.361542
-0.355675
-0.349819
-0.343913
-0.337991
-0.332093
-0.326161
-0.320192
-0.314246
-0.308290
-0.302285
-0.296288
-0.290304
-0.284273
-0.278228
-0.272209
-0.266160
-0.260075
-0.254015
-0.247948
-0.241834
-0.235731
-0.229643
-0.223511
-0.217366
-0.211251
-0.205108
-0.198930
-0.192781
-0.186628
-0.180429
-0.174243
-0.168076
-0.161866
-0.155647
-0.149460
-0.143246
-0.137001
-0.130787
-0.124571
-0.118312
-0.112069
-0.105846
-0.099583
-0.093314
-0.087078
-0.080819
-0.074531
-0.068277
-0.062022
-0.055728
-0.049451
-0.043198
-0.036907
-0.030612
-0.024353
-0.018073
-0.011767
-0.005497
0.000771
0.007076
0.013361
0.019620
0.025915
0.032211
0.038468
0.044744
0.051043
0.057305
0.063561
0.069853
0.076121
0.082361
0.088634
0.094906
0.101137
0.107385
0.113653
0.119880
0.126100
0.132353
0.138580
0.144777
0.151004
0.157228
0.163407
0.169601
0.175813
0.181983
0.188142
0.194331
0.200493
0.206621
0.212778
0.218928
0.225033
0.231148
0.237280
0.243367
0.249441
0.255543
0.261614
0.267650
0.273712
0.279765
0.285770
0.291783
0.297811
0.303791
0.309755
0.315746
0.321703
0.327623
0.333565
0.339498
0.345379
0.351267
0.357166
0.363015
0.368847
0.374702
0.380522
0.386302
0.392102
0.397890
0.403625
0.409364
0.415112
0.420807
0.426483
0.432180
0.437840
0.443457
0.449092
0.454713
0.460278
0.465845
0.471419
0.476939
0.482436
0.487952
0.493429
0.498861
0.504310
0.509741
0.515114
0.520488
0.525866
0.531187
0.536485
0.541799
0.547071
0.552297
0.557537
0.562757
0.567918
0.573076
0.578238
0.583340
0.588416
0.593507
0.598554
0.603553
0.608563
0.613552
0.618480
0.623403
0.628327
0.633190
0.638025
0.642873
0.647675
0.652426
0.657188
0.661926
0.666601
0.671270
0.675937
0.680542
0.685116
0.689702
0.694240
0.698725
0.703219
0.707688
0.712091
0.716487
0.720879
0.725207
0.729503
0.733809
0.738065
0.742266
0.746475
0.750657
0.754771
0.758876
0.762976
0.767010
0.771011
0.775019
0.778977
0.782878
0.786784
0.790663
0.794472
0.798270
0.802062
0.805786
0.809476
0.813171
0.816814
0.820400
0.823989
0.827548
0.831037
0.834514
0.837983
0.841382
0.844746
0.848114
0.851428
0.854684
0.857941
0.861168
0.864323
0.867464
0.870596
0.873658
0.876682
0.879710
0.882682
0.885594
0.888508
0.891389
0.894197
0.896991
0.899774
0.902485
0.905158
0.907833
0.910452
0.913010
0.915568
0.918092
0.920542
0.922977
0.925400
0.927751
0.930062
0.932374
0.934629
0.936822
0.939014
0.941172
0.943255
0.945321
0.947374
0.949355
0.951295
0.953235
0.955117
0.956937
0.958754
0.960537
0.962244
0.963933
0.965610
0.967212
0.968773
0.970334
0.971836
0.973275
0.974711
0.976111
0.977436
0.978742
0.980034
0.981252
0.982428
0.983604
0.984720
0.985772
0.986821
0.987834
0.988770
0.989687
0.990591
0.991420
0.992206
0.992991
0.993717
0.994378
0.995036
0.995657
0.996201
0.996727
0.997238
0.997674
0.998068
0.998460
0.998792
0.999060
0.999324
0.999551
0.999701
0.999833
0.999950
0.999991
0.999990
0.999988
0.999925
0.999798
0.999668
0.999500
0.999256
0.998993
0.998715
0.998362
0.997966
0.997569
0.997112
0.996591
0.996066
0.995505
0.994867
0.994210
0.993538
0.992792
0.992004
0.991214
0.990364
0.989451
0.988534
0.987581
0.986551
0.985503
0.984441
0.983304
0.982126
0.980946
0.979707
0.978405
0.977100
0.975759
0.974342
0.972907
0.971458
0.969935
0.968372
0.966807
0.965184
0.963498
0.961810
0.960086
0.958287
0.956471
0.954642
0.952739
0.950796
0.948853
0.946852
0.944788
0.942724
0.940624
0.938450
0.936260
0.934057
0.931782
0.929467
0.927153
0.924782
0.922350
0.919917
0.917450
0.914910
0.912354
0.909787
0.907148
0.904470
0.901795
0.899063
0.896271
0.893479
0.890655
0.887758
0.884847
0.881926
0.878933
0.875904
0.872877
0.869796
0.866655
0.863516
0.860345
0.857103
0.853848
0.850584
0.847250
0.843880
0.840515
0.837096
0.833618
0.830144
0.826640
0.823066
0.819479
0.815885
0.812223
0.808526
0.804835
0.801092
0.797292
0.793496
0.789672
0.785779
0.781876
0.777967
0.773991
0.769981
0.765979
0.761926
0.757819
0.753717
0.749588
0.745392
0.741187
0.736978
0.732703
0.728397
0.724100
0.719754
0.715354
0.710963
0.706545
0.702063
0.697573
0.693080
0.688524
0.683939
0.679364
0.674741
0.670067
0.665402
0.660714
0.655963
0.651205
0.646447
0.641628
0.636781
0.631946
0.627065
0.622135
0.617216
0.612276
0.607274
0.602268
0.597263
0.592199
0.587109
0.582034
0.576914
0.571747
0.566594
0.561421
0.556188
0.550953
0.545722
0.540433
0.535121
0.529825
0.524487
0.519103
0.513736
0.508350
0.502907
0.497465
0.492027
0.486535
0.481020
0.475525
0.469989
0.464411
0.458850
0.453273
0.447641
0.442012
0.436391
0.430716
0.425021
0.419348
0.413637
0.407885
0.402153
0.396408
0.390609
0.384815
0.379032
0.373197
0.367345
0.361516
0.355652
0.349749
0.343869
0.337977
0.332035
0.326100
0.320177
0.314205
0.308219
0.302258
0.296264
0.290233
0.284228
0.278213
0.272150
0.266097
0.260059
0.253974
0.247876
0.241806
0.235706
0.229572
0.223465
0.217351
0.211192
0.205045
0.198914
0.192740
0.186555
0.180401
0.174218
0.168005
0.161820
0.155632
0.149400
0.143182
0.136984
0.130745
0.124498
0.118283
0.112043
0.105774
0.099537
0.093298
0.087018
0.080755
0.074514
0.068234
0.061949
0.055699
0.049426
0.043126
0.036860
0.030596
0.024293
0.018009
0.011750
0.005454
-0.000845
-0.007106
-0.013387
-0.019693
-0.025962
-0.032227
-0.038529
-0.044808
-0.051061
-0.057348
-0.063635
-0.069882
-0.076147
-0.082433
-0.088681
-0.094922
-0.101198
-0.107448
-0.113670
-0.119923
-0.126174
-0.132382
-0.138606
-0.144849
-0.151050
-0.157243
-0.163467
-0.169664
-0.175830
-0.182025
-0.188215
-0.194360
-0.200518
-0.206693
-0.212823
-0.218943
-0.225092
-0.231211
-0.237296
-0.243408
-0.249513
-0.255570
-0.261638
-0.267721
-0.273757
-0.279779
-0.285828
-0.291845
-0.297826
-0.303831
-0.309827
-0.315772
-0.321726
-0.327693
-0.333610
-0.339511
-0.345437
-0.351328
-0.357180
-0.363055
-0.368918
-0.374728
-0.380545
-0.386371
-0.392146
-0.397903
-0.403682
-0.409424
-0.415125
-0.420846
-0.426553
-0.432205
-0.437861
-0.443524
-0.449134
-0.454724
-0.460333
-0.465904
-0.471431
-0.476976
-0.482504
-0.487976
-0.493449
-0.498928
-0.504350
-0.509751
-0.515169
-0.520545
-0.525877
-0.531223
-0.536552
-0.541821
-0.547090
-0.552362
-0.557576
-0.562765
-0.567970
-0.573132
-0.578247
-0.583374
-0.588481
-0.593528
-0.598571
-0.603616
-0.608601
-0.613559
-0.618531
-0.623457
-0.628334
-0.633223
-0.638089
-0.642892
-0.647690
-0.652488
-0.657224
-0.661931
-0.666650
-0.671322
-0.675942
-0.680572
-0.685178
-0.689719
-0.694253
-0.698785
-0.703253
-0.707691
-0.712138
-0.716537
-0.720883
-0.725236
-0.729563
-0.733823
-0.738076
-0.742324
-0.746507
-0.750657
-0.754816
-0.758924
-0.762978
-0.767037
-0.771069
-0.775032
-0.778986
-0.782933
-0.786814
-0.790661
-0.794515
-0.798316
-0.802061
-0.805811
-0.809531
-0.813182
-0.816821
-0.820453
-0.824016
-0.827545
-0.831078
-0.834558
-0.837980
-0.841405
-0.844799
-0.848122
-0.851433
-0.854735
-0.857966
-0.861162
-0.864361
-0.867505
-0.870591
-0.873678
-0.876733
-0.879715
-0.882684
-0.885643
-0.888530
-0.891381
-0.894233
-0.897029
-0.899766
-0.902503
-0.905206
-0.907836
-0.910452
-0.913056
-0.915588
-0.918081
-0.920576
-0.923013
-0.925390
-0.927766
-0.930107
-0.932375
-0.934626
-0.936865
-0.939031
-0.941158
-0.943285
-0.945354
-0.947361
-0.949367
-0.951338
-0.953233
-0.955112
-0.956977
-0.958769
-0.960521
-0.962272
-0.963964
-0.965594
-0.967222
-0.968813
-0.970329
-0.971828
-0.973313
-0.974723
-0.976092
-0.977461
-0.978770
-0.980016
-0.981259
-0.982466
-0.983596
-0.984708
-0.985807
-0.986830
-0.987812
-0.988792
-0.989713
-0.990570
-0.991423
-0.992240
-0.992981
-0.993703
-0.994410
-0.995042
-0.995633
-0.996221
-0.996750
-0.997214
-0.997675
-0.998099
-0.998446
-0.998775
-0.999089
-0.999327
-0.999524
-0.999718
-0.999853
-0.999923
-0.999990
-1.000019
-0.999972
-0.999906
-0.999825
-0.999668
-0.999470
-0.999270
-0.999010
-0.998685
-0.998357
-0.997992
-0.997550
-0.997090
-0.996615
-0.996064
-0.995472
-0.994878
-0.994224
-0.993506
-0.992785
-0.992027
-0.991192
-0.990339
-0.989472
-0.988529
-0.987545
-0.986560
-0.985514
-0.984406
-0.983294
-0.982146
-0.980922
-0.979679
-0.978423
-0.977092
-0.975720
-0.974348
-0.972915
-0.971420
-0.969923
-0.968389
-0.966780
-0.965153
-0.963513
-0.961799
-0.960045
-0.958290
-0.956477
-0.954601
-0.952723
-0.950811
-0.948823
-0.946818
-0.944801
-0.942710
-0.940580
-0.938451
-0.936263
-0.934014
-0.931764
-0.929479
-0.927121
-0.924746
-0.922360
-0.919901
-0.917404
-0.914908
-0.912354
-0.909741
-0.907127
-0.904480
-0.901760
-0.899025
-0.896279
-0.893461
-0.890606
-0.887754
-0.884845
-0.881877
-0.878910
-0.875911
-0.872840
-0.869755
-0.866660
-0.863495
-0.860294
-0.857096
-0.853844
-0.850533
-0.847225
-0.843885
-0.840475
-0.837052
-0.833621
-0.830121
-0.826586
-0.823056
-0.819472
-0.815832
-0.812195
-0.808529
-0.804793
-0.801046
-0.797292
-0.793471
-0.789616
-0.785767
-0.781867
-0.777911
-0.773960
-0.769981
-0.765935
-0.761879
-0.757817
-0.753689
-0.749530
-0.745378
-0.741176
-0.736920
-0.732671
-0.728395
-0.724053
-0.719704
-0.715351
-0.710933
-0.706485
-0.702047
-0.697559
-0.693020
-0.688490
-0.683935
-0.679315
-0.674689
-0.670061
-0.665371
-0.660652
-0.655945
-0.651190
-0.646386
-0.641592
-0.636775
-0.631895
-0.627011
-0.622127
-0.617183
-0.612212
-0.607254
-0.602251
-0.597200
-0.592161
-0.587102
-0.581981
-0.576859
-0.571738
-0.566559
-0.561355
-0.556166
-0.550935
-0.545657
-0.540394
-0.535112
-0.529771
-0.524430
-0.519093
-0.513699
-0.508283
-0.502884
-0.497444
-0.491961
-0.486494
-0.481010
-0.475469
-0.469931
-0.464399
-0.458812
-0.453205
-0.447617
-0.441991
-0.436323
-0.430674
-0.425009
-0.419291
-0.413577
-0.407872
-0.402114
-0.396338
-0.390584
-0.384793
-0.378963
-0.373154
-0.367332
-0.361458
-0.355591
-0.349735
-0.343829
-0.337906
-0.332008
-0.326076
-0.320107
-0.314161
-0.308205
-0.302199
-0.296202
-0.290218
-0.284186
-0.278142
-0.272123
-0.266073
-0.259988
-0.253928
-0.247861
-0.241747
-0.235644
-0.229556
-0.223423
-0.217279
-0.211164
-0.205019
-0.198842
-0.192694
-0.186539
-0.180340
-0.174155
-0.167988
-0.161777
-0.155559
-0.149371
-0.143157
-0.136912
-0.130699
-0.124482
-0.118222
-0.111980
-0.105757
-0.099494
-0.093225
-0.086989
-0.080729
-0.074442
-0.068187
-0.061933
-0.055638
-0.049362
-0.043108
-0.036817
-0.030522
-0.024264
-0.017983
-0.011677
-0.005407
0.000861
0.007167
0.013451
0.019710
0.026005
0.032300
0.038557
0.044834
0.051133
0.057394
0.063651
0.069943
0.076210
0.082451
0.088724
0.094996
0.101226
0.107474
0.113742
0.119969
0.126190
0.132443
0.138669
0.144866
0.151093
0.157316
0.163496
0.169690
0.175902
0.182071
0.188230
0.194420
0.200581
0.206709
0.212866
0.219016
0.225120
0.231236
0.237368
0.243454
0.249528
0.255630
0.261701
0.267737
0.273798
0.279851
0.285855
0.291870
0.297897
0.303876
0.309841
0.315831
0.321788
0.327707
0.333650
0.339582
0.345463
0.351351
0.357250
0.363098
0.368931
0.374786
0.380605
0.386385
0.392185
0.397973
0.403707
0.409446
0.415193
0.420888
0.426565
0.432261
0.437920
0.443537
0.449173
0.454793
0.460357
0.465925
0.471498
0.477017
0.482515
0.488031
0.493507
0.498939
0.504387
0.509818
0.515191
0.520565
0.525942
0.531263
0.536561
0.541875
0.547146
0.552372
0.557611
0.562831
0.567991
0.573150
0.578311
0.583412
0.588489
0.593580
0.598626
0.603624
0.608635
0.613623
0.618550
0.623474
0.628397
0.633259
0.638095
0.642942
0.647743
0.652494
0.657256
0.661994
0.666668
0.671336
0.676003
0.680607
0.685182
0.689767
0.694304
0.698789
0.703283
0.707751
0.712154
0.716550
0.720941
0.725268
0.729565
0.733870
0.738125
0.742326
0.746535
0.750716
0.754829
0.758935
0.763034
0.767067
0.771068
0.775076
0.779033
0.782934
0.786840
0.790717
0.794526
0.798325
0.802116
0.805839
0.809529
0.813224
0.816866
0.820451
0.824040
0.827599
0.831087
0.834564
0.838032
0.841431
0.844794
0.848162
0.851475
0.854730
0.857988
0.861213
0.864368
0.867509
0.870640
0.873701
0.876726
0.879753
0.882724
0.885636
0.888549
0.891430
0.894237
0.897031
0.899813
0.902523
0.905197
0.907871
0.910489
0.913046
0.915604
0.918127
0.920577
0.923012
0.925434
0.927784
0.930095
0.932407
0.934661
0.936853
0.939045
0.941202
0.943284
0.945350
0.947403
0.949383
0.951323
0.953263
0.955144
0.956963
0.958780
0.960562
0.962268
0.963958
0.965633
0.967235
0.968796
0.970356
0.971857
0.973295
