3.000000
0.381588
-0.617670
2.618521
1.616284
-1.000493
1.619474
2.615514
-0.621068
0.383595
2.998023
0.375635
-0.618212
2.617575
1.609145
-1.004431
1.618718
2.608558
-0.628404
0.381664
2.992099
0.365747
-0.622685
2.612690
1.598071
-1.012292
1.614033
2.597671
-0.639655
0.375816
2.982252
0.351948
-0.631062
2.603892
1.583093
-1.024045
1.605450
2.582888
-0.654788
0.366088
2.968520
0.334278
-0.643301
2.591227
1.564256
-1.039642
1.593019
2.564258
-0.673749
0.352532
2.950958
0.312794
-0.659345
2.574751
1.541618
-1.059023
1.576801
2.541846
-0.696475
0.335217
2.929635
0.287565
-0.679121
2.554539
1.515257
-1.082111
1.556876
2.515732
-0.722882
0.314226
2.904634
0.258678
-0.702544
2.530679
1.485261
-1.108815
1.533336
2.486009
-0.752876
0.289654
2.876055
0.226232
-0.729511
2.503274
1.451734
-1.139028
1.506288
2.452786
-0.786347
0.261613
2.844010
0.190342
-0.759907
2.472440
1.414796
-1.172632
1.475853
2.416186
-0.823171
0.230228
2.808625
0.151134
-0.793603
2.438309
1.374576
-1.209494
1.442164
2.376343
-0.863211
0.195638
2.770039
0.108751
-0.830458
2.401023
1.331221
-1.249467
1.405370
2.333406
-0.906319
0.157993
2.728405
0.063344
-0.870316
2.360737
1.284887
-1.292394
1.365630
2.287537
-0.952331
0.117456
2.683887
0.015079
-0.913012
2.317620
1.235742
-1.338104
1.323113
2.238905
-1.001076
0.074200
2.636660
-0.035867
-0.958367
2.271850
1.183966
-1.386418
1.278003
2.187696
-1.052368
0.028412
2.586909
-0.089308
-1.006195
2.223616
1.129750
-1.437143
1.230491
2.134101
-1.106015
-0.019714
2.534832
-0.145046
-1.056296
2.173117
1.073293
-1.490080
1.180778
2.078323
-1.161812
-0.069974
2.480633
-0.202875
-1.108464
2.120561
1.014803
-1.545019
1.129076
2.020574
-1.219548
-0.122155
2.424526
-0.262581
-1.162485
2.066162
0.954498
-1.601743
1.075602
1.961071
-1.279002
-0.176036
2.366731
-0.323943
-1.218135
2.010146
0.892601
-1.660026
1.020580
1.900042
-1.339950
-0.231391
2.307476
-0.386732
-1.275186
1.952740
0.829342
-1.719639
0.964243
1.837717
-1.402158
-0.287988
2.246995
-0.450714
-1.333403
1.894180
0.764956
-1.780346
0.906827
1.774333
-1.465390
-0.345587
2.185526
-0.515651
-1.392548
1.834705
0.699684
-1.841906
0.848572
1.710132
-1.529403
-0.403948
2.123310
-0.581300
-1.452378
1.774558
0.633769
-1.904076
0.789722
1.645357
-1.593954
-0.462826
2.060593
-0.647416
-1.512647
1.713985
0.567456
-1.966610
0.730523
1.580255
-1.658796
-0.521974
1.997622
-0.713752
-1.573108
1.653233
0.500993
-2.029261
0.671223
1.515074
-1.723680
-0.581144
1.934645
-0.780060
-1.633513
1.592550
0.434627
-2.091779
0.612070
1.450061
-1.788360
-0.640089
1.871908
-0.846093
-1.693615
1.532185
0.368608
-2.153918
0.553312
1.385465
-1.852588
-0.698561
1.809660
-0.911602
-1.753167
1.472382
0.303180
-2.215432
0.495193
1.321530
-1.916118
-0.756315
1.748146
-0.976345
-1.811924
1.413386
0.238588
-2.276077
0.437958
1.258500
-1.978708
-0.813109
1.687606
-1.040079
-1.869645
1.355439
0.175072
-2.335613
0.381846
1.196613
-2.040118
-0.868705
1.628280
-1.102566
-1.926093
1.298777
0.112869
-2.393804
0.327092
1.136106
-2.100115
-0.922868
1.570401
-1.163573
-1.981036
1.243632
0.052210
-2.450420
0.273928
1.077206
-2.158470
-0.975370
1.514196
-1.222875
-2.034248
1.190229
-0.006680
-2.505236
0.222575
1.020139
-2.214960
-1.025990
1.459886
-1.280249
-2.085508
1.138787
-0.063584
-2.558034
0.173251
0.965118
-2.269370
-1.074513
1.407685
-1.335484
-2.134605
1.089518
-0.118290
-2.608606
0.126164
0.912352
-2.321494
-1.120734
1.357798
-1.388376
-2.181336
1.042623
-0.170598
-2.656751
0.081515
0.862040
-2.371133
-1.164455
1.310420
-1.438729
-2.225507
0.998296
-0.220315
-2.702278
0.039492
0.814370
-2.418100
-1.205490
1.265738
-1.486359
-2.266933
0.956719
-0.267259
-2.745006
0.000276
0.769522
-2.462217
-1.243662
1.223928
-1.531090
-2.305442
0.918065
-0.311260
-2.784765
-0.035965
0.727662
-2.503317
-1.278806
1.185152
-1.572762
-2.340872
0.882494
-0.352159
-2.821397
-0.069074
0.688947
-2.541247
-1.310769
1.149563
-1.611222
-2.373074
0.850154
-0.389807
-2.854757
-0.098906
0.653519
-2.575864
-1.339411
1.117301
-1.646333
-2.401911
0.821180
-0.424072
-2.884712
-0.125330
0.621509
-2.607040
-1.364603
1.088491
-1.677969
-2.427259
0.795695
-0.454833
-2.911142
-0.148228
0.593033
-2.634659
-1.386232
1.063246
-1.706021
-2.449009
0.773808
-0.481981
-2.933942
-0.167497
0.568195
-2.658620
-1.404198
1.041664
-1.730390
-2.467065
0.755611
-0.505426
-2.953021
-0.183045
0.547081
-2.678836
-1.418416
1.023830
-1.750994
-2.481346
0.741185
-0.525088
-2.968301
-0.194798
0.529767
-2.695235
-1.428815
1.009812
-1.767766
-2.491786
0.730595
-0.540905
-2.979722
-0.202696
0.516311
-2.707759
-1.435339
0.999665
-1.780652
-2.498335
0.723889
-0.552828
-2.987237
-0.206694
0.506756
-2.716368
-1.437948
0.993427
-1.789617
-2.500955
0.721102
-0.560826
-2.990815
-0.206763
0.501129
-2.721035
-1.436618
0.991122
-1.794637
-2.499628
0.722253
-0.564880
-2.990440
-0.202889
0.499444
-2.721748
-1.431339
0.992757
-1.795708
-2.494348
0.727344
-0.564990
-2.986113
-0.195073
0.501697
-2.718513
-1.422118
0.998325
-1.792838
-2.485128
0.736363
-0.561169
-2.977850
-0.183332
0.507870
-2.711350
-1.408976
1.007801
-1.786052
-2.471992
0.749282
-0.553448
-2.965680
-0.167700
0.517927
-2.700294
-1.391951
1.021147
-1.775391
-2.454983
0.766057
-0.541871
-2.949652
-0.148224
0.531820
-2.685397
-1.371095
1.038310
-1.760910
-2.434159
0.786630
-0.526498
-2.929826
-0.124968
0.549484
-2.666726
-1.346476
1.059219
-1.742680
-2.409592
0.810927
-0.507405
-2.906280
-0.098010
0.570839
-2.644360
-1.318178
1.083790
-1.720788
-2.381368
0.838859
-0.484681
-2.879104
-0.067442
0.595791
-2.618397
-1.286296
1.111926
-1.695331
-2.349589
0.870324
-0.458432
-2.848405
-0.033372
0.624231
-2.588945
-1.250942
1.143513
-1.666426
-2.314371
0.905204
-0.428774
-2.814302
0.004079
0.656037
-2.556129
-1.212242
1.178425
-1.634199
-2.275842
0.943370
-0.395840
-2.776928
0.044777
0.691074
-2.520085
-1.170333
1.216522
-1.598791
-2.234145
0.984678
-0.359774
-2.736429
0.088575
0.729193
-2.480963
-1.125367
1.257653
-1.560355
-2.189434
1.028972
-0.320733
-2.692963
0.135313
0.770234
-2.438925
-1.077506
1.301653
-1.519057
-2.141876
1.076085
-0.278886
-2.646700
0.184821
0.814024
-2.394143
-1.026924
1.348347
-1.475074
-2.091648
1.125838
-0.234412
-2.597820
0.236917
0.860381
-2.346803
-0.973807
1.397549
-1.428591
-2.038938
1.178042
-0.187502
-2.546516
0.291408
0.909111
-2.297097
-0.918350
1.449063
-1.379807
-1.983945
1.232498
-0.138356
-2.492987
0.348092
0.960012
-2.245230
-0.860757
1.502684
-1.328927
-1.926874
1.288998
-0.087182
-2.437443
0.406761
1.012874
-2.191412
-0.801240
1.558197
-1.276165
-1.867942
1.347326
-0.034196
-2.380101
0.467194
1.067476
-2.135865
-0.740021
1.615383
-1.221744
-1.807371
1.407260
0.020377
-2.321186
0.529168
1.123593
-2.078814
-0.677326
1.674013
-1.165891
-1.745389
1.468570
0.076307
-2.260929
0.592451
1.180994
-2.020492
-0.613388
1.733854
-1.108841
-1.682231
1.531021
0.133360
-2.199564
0.656807
1.239442
-1.961135
-0.548444
1.794669
-1.050832
-1.618136
1.594373
0.191295
-2.137334
0.721994
1.298696
-1.900985
-0.482738
1.856214
-0.992106
-1.553347
1.658383
0.249869
-2.074481
0.787770
1.358511
-1.840287
-0.416512
1.918245
-0.932909
-1.488109
1.722806
0.308836
-2.011251
0.853888
1.418641
-1.779288
-0.350014
1.980515
-0.873487
-1.422670
1.787395
0.367948
-1.947892
0.920100
1.478838
-1.718234
-0.283492
2.042776
-0.814089
-1.357276
1.851901
0.426959
-1.884652
0.986158
1.538855
-1.657374
-0.217194
2.104780
-0.754962
-1.292177
1.916077
0.485619
-1.821778
1.051814
1.598445
-1.596955
-0.151367
2.166281
-0.696354
-1.227619
1.979676
0.543684
-1.759516
1.116824
1.657361
-1.537223
-0.086256
2.227033
-0.638508
-1.163846
2.042455
0.600908
-1.698111
1.180944
1.715360
-1.478420
-0.022103
2.286794
-0.581666
-1.101099
2.104171
0.657052
-1.637801
1.243933
1.772204
-1.420785
0.040853
2.345327
-0.526067
-1.039616
2.164589
0.711880
-1.578824
1.305557
1.827657
-1.364552
0.102378
2.402397
-0.471942
-0.979629
2.223477
0.765159
-1.521409
1.365585
1.881490
-1.309951
0.162245
2.457779
-0.419519
-0.921365
2.280609
0.816666
-1.465780
1.423795
1.933480
-1.257203
0.220230
2.511249
-0.369018
-0.865041
2.335767
0.866181
-1.412156
1.479968
1.983412
-1.206523
0.276122
2.562596
-0.320651
-0.810872
2.388738
0.913496
-1.360746
1.533898
2.031077
-1.158119
0.329712
2.611614
-0.274623
-0.759059
2.439322
0.958408
-1.311749
1.585383
2.076277
-1.112188
0.380805
2.658107
-0.231129
-0.709797
2.487325
1.000726
-1.265358
1.634235
2.118823
-1.068918
0.429213
2.701890
-0.190353
-0.663270
2.532564
1.040267
-1.221752
1.680273
2.158537
-1.028486
0.474760
2.742786
-0.152470
-0.619650
2.574867
1.076862
-1.181101
1.723329
2.195250
-0.991059
0.517282
2.780633
-0.117642
-0.579100
2.614074
1.110350
-1.143564
1.763247
2.228809
-0.956791
0.556624
2.815278
-0.086020
-0.541768
2.650037
1.140586
-1.109286
1.799881
2.259068
-0.925824
0.592646
2.846581
-0.057742
-0.507792
2.682620
1.167434
-1.078400
1.833101
2.285899
-0.898286
0.625222
2.874418
-0.032933
-0.477295
2.711702
1.190774
-1.051025
1.862788
2.309185
-0.874293
0.654236
2.898675
-0.011703
-0.450386
2.737173
1.210500
-1.027266
1.888838
2.328822
-0.853947
0.679590
2.919254
0.005850
-0.427161
2.758941
1.226519
-1.007215
1.911162
2.344724
-0.837333
0.701197
2.936071
0.019644
-0.407701
2.776925
1.238752
-0.990949
1.929684
2.356816
-0.824524
0.718988
2.949057
0.029611
-0.392072
2.791060
1.247137
-0.978528
1.944345
2.365040
-0.815577
0.732906
2.958158
0.035699
-0.380325
2.801298
1.251626
-0.969999
1.955099
2.369352
-0.810534
0.742912
2.963336
0.037871
-0.372496
2.807605
1.252186
-0.965394
1.961918
2.369725
-0.809420
0.748981
2.964567
0.036105
-0.368604
2.809962
1.248801
-0.964727
1.964788
2.366147
-0.812247
0.751103
2.961844
0.030396
-0.368654
2.808365
1.241469
-0.967998
1.963709
2.358620
-0.819010
0.749286
2.955175
0.020752
-0.372636
2.802829
1.230204
-0.975192
1.958700
2.347164
-0.829689
0.743550
2.944582
0.007199
-0.380521
2.793379
1.215036
-0.986277
1.949793
2.331812
-0.844246
0.733934
2.930106
-0.010223
-0.392270
2.780062
1.196011
-1.001207
1.937036
2.312616
-0.862632
0.720490
2.911800
-0.031458
-0.407823
2.762934
1.173187
-1.019920
1.920493
2.289639
-0.884780
0.703285
2.889734
-0.056434
-0.427110
2.742070
1.146642
-1.042339
1.900242
2.262961
-0.910609
0.682403
2.863991
-0.085068
-0.450042
2.717559
1.116464
-1.068372
1.876376
2.232676
-0.940023
0.657941
2.834671
-0.117257
-0.476518
2.689503
1.082758
-1.097915
1.849001
2.198894
-0.972911
0.630010
2.801887
-0.152889
-0.506423
2.658019
1.045643
-1.130847
1.818240
2.161736
-1.009151
0.598736
2.765764
-0.191836
-0.539628
2.623238
1.005250
-1.167035
1.784226
2.121339
-1.048605
0.564255
2.726442
-0.233956
-0.575991
2.585303
0.961724
-1.206334
1.747106
2.077850
-1.091124
0.526720
2.684074
-0.279096
-0.615356
2.544370
0.915221
-1.248584
1.707040
2.031430
-1.136546
0.486293
2.638823
-0.327091
-0.657559
2.500606
0.865911
-1.293617
1.664199
1.982252
-1.184697
0.443149
2.590865
-0.377765
-0.702420
2.454191
0.813973
-1.341251
1.618765
1.930498
-1.235394
0.397472
2.540386
-0.430930
-0.749752
2.405312
0.759598
-1.391296
1.570929
1.876362
-1.288442
0.349458
2.487582
-0.486389
-0.799357
2.354170
0.702986
-1.443550
1.520894
1.820046
-1.343638
0.299312
2.432659
-0.543936
-0.851028
2.300972
0.644345
-1.497804
1.468871
1.761761
-1.400770
0.247245
2.375829
-0.603356
-0.904549
2.245934
0.583891
-1.553840
1.415076
1.701726
-1.459618
0.193478
2.317315
-0.664429
-0.959699
2.189279
0.521849
-1.611434
1.359735
1.640167
-1.519956
0.138238
2.257343
-0.726925
-1.016248
2.131237
0.458449
-1.670356
1.303080
1.577317
-1.581551
0.081759
2.196148
-0.790611
-1.073963
2.072042
0.393926
-1.730369
1.245346
1.513410
-1.644167
0.024278
2.133967
-0.855248
-1.132603
2.011934
0.328520
-1.791234
1.186775
1.448690
-1.707561
-0.033964
2.071042
-0.920594
-1.191926
1.951156
0.262475
-1.852706
1.127611
1.383399
-1.771490
-0.092722
2.007618
-0.986403
-1.251688
1.889953
0.196035
-1.914539
1.068099
1.317785
-1.835707
-0.151749
1.943943
-1.052428
-1.311639
1.828574
0.129450
-1.976487
1.008487
1.252095
-1.899963
-0.210797
1.880264
-1.118422
-1.371534
1.767266
0.062966
-2.038300
0.949023
1.186577
-1.964011
-0.269618
1.816830
-1.184136
-1.431124
1.706276
-0.003168
-2.099732
0.889955
1.121478
-2.027605
-0.327965
1.753886
-1.249324
-1.490162
1.645851
-0.068707
-2.160537
0.831528
1.057045
-2.090497
-0.385593
1.691678
-1.313741
-1.548403
1.586235
-0.133406
-2.220470
0.773985
0.993519
-2.152447
-0.442260
1.630447
-1.377146
-1.605608
1.527670
-0.197026
-2.279292
0.717568
0.931140
-2.213214
-0.497728
1.570433
-1.439300
-1.661538
1.470391
-0.259328
-2.336768
0.662509
0.870144
-2.272565
-0.551762
1.511868
-1.499972
-1.715962
1.414630
-0.320084
-2.392665
0.609041
0.810759
-2.330270
-0.604134
1.454980
-1.558933
-1.768652
1.360614
-0.379067
-2.446761
0.557386
0.753209
-2.386108
-0.654623
1.399990
-1.615965
-1.819390
1.308560
-0.436060
-2.498837
0.507760
0.697709
-2.439864
-0.703014
1.347110
-1.670854
-1.867964
1.258681
-0.490852
-2.548686
0.460372
0.644466
-2.491330
-0.749103
1.296547
-1.723397
-1.914171
1.211177
-0.543243
-2.596105
0.415423
0.593681
-2.540309
-0.792691
1.248495
-1.773397
-1.957816
1.166242
-0.593039
-2.640904
0.373100
0.545540
-2.586614
-0.833593
1.203141
-1.820671
-1.998717
1.124058
-0.640060
-2.682903
0.333585
0.500224
-2.630066
-0.871631
1.160660
-1.865045
-2.036699
1.084799
-0.684134
-2.721932
0.297046
0.457899
-2.670500
-0.906641
1.121216
-1.906355
-2.071602
1.048623
-0.725103
-2.757833
0.263639
0.418720
-2.707761
-0.938470
1.084960
-1.944452
-2.103276
1.015679
-0.762820
-2.790461
0.233509
0.382832
-2.741707
-0.966977
1.052033
-1.979197
-2.131585
0.986103
-0.797150
-2.819682
0.206787
0.350363
-2.772210
-0.992035
1.022559
-2.010465
-2.156405
0.960015
-0.827973
-2.845377
0.183591
0.321431
-2.799155
-1.013531
0.996651
-2.038145
-2.177627
0.937526
-0.855182
-2.867442
0.164024
0.296138
-2.822440
-1.031363
0.974408
-2.062141
-2.195154
0.918727
-0.878685
-2.885785
0.148178
0.274572
-2.841978
-1.045448
0.955914
-2.082371
-2.208907
0.903700
-0.898403
-2.900329
0.136125
0.256807
-2.857699
-1.055715
0.941237
-2.098766
-2.218820
0.892508
-0.914274
-2.911013
0.127928
0.242901
-2.869544
-1.062108
0.930431
-2.111275
-2.224841
0.885200
-0.926250
-2.917791
0.123629
0.232897
-2.877472
-1.064587
0.923535
-2.119860
-2.226935
0.881811
-0.934298
-2.920632
0.123259
0.226823
-2.881458
-1.063128
0.920572
-2.124499
-2.225082
0.882359
-0.938402
-2.919521
0.126830
0.224692
-2.881489
-1.057721
0.921550
-2.125188
-2.219278
0.886847
-0.938561
-2.914458
0.134343
0.226500
-2.877572
-1.048373
0.926459
-2.121935
-2.209534
0.895262
-0.934787
-2.905458
0.145778
0.232228
-2.869726
-1.035106
0.935278
-2.114765
-2.195876
0.907576
-0.927112
-2.892554
0.161103
0.241841
-2.857988
-1.017958
0.947967
-2.103719
-2.178347
0.923746
-0.915580
-2.875791
0.180271
0.255291
-2.842409
-0.996981
0.964471
-2.088853
-2.157004
0.943711
-0.900253
-2.855232
0.203216
0.272511
-2.823054
-0.972244
0.984722
-2.070238
-2.131919
0.967400
-0.881204
-2.830953
0.229862
0.293423
-2.800007
-0.943828
1.008634
-2.047959
-2.103180
0.994722
-0.858524
-2.803047
0.260115
0.317931
-2.773362
-0.911832
1.036110
-2.022117
-2.070888
1.025575
-0.832318
-2.771618
0.293868
0.345928
-2.743229
-0.876366
1.067036
-1.992826
-2.035159
1.059842
-0.802704
-2.736787
0.331000
0.377291
-2.709733
-0.837557
1.101286
-1.960213
-1.996122
1.097392
-0.769813
-2.698687
0.371376
0.411884
-2.673009
-0.795542
1.138720
-1.924420
-1.953919
1.138082
-0.733791
-2.657463
0.414849
0.449558
-2.633209
-0.750472
1.179186
-1.885600
-1.908704
1.181757
-0.694795
-2.613274
0.461260
0.490153
-2.590493
-0.702510
1.222520
-1.843917
-1.860645
1.228248
-0.652992
-2.566290
0.510438
0.533497
-2.545036
-0.651831
1.268547
-1.799550
-1.809919
1.277377
-0.608564
-2.516692
0.562200
0.579407
-2.497021
-0.598620
1.317080
-1.752685
-1.756714
1.328954
-0.561700
-2.464671
0.616354
0.627689
-2.446642
-0.543072
1.367923
-1.703518
-1.701228
1.382780
-0.512600
-2.410428
0.672699
0.678141
-2.394103
-0.485391
1.420871
-1.652257
-1.643669
1.438649
-0.461473
-2.354173
0.731025
0.730552
-2.339616
-0.425791
1.475710
-1.599116
-1.584251
1.496343
-0.408536
-2.296122
0.791112
0.784703
-2.283400
-0.364492
1.532219
-1.544316
-1.523197
1.555639
-0.354012
-2.236501
0.852736
0.840368
-2.225682
-0.301720
1.590171
-1.488085
-1.460736
1.616308
-0.298131
-2.175540
0.915666
0.897315
-2.166695
-0.237709
1.649332
-1.430659
-1.397102
1.678116
-0.241130
-2.113474
0.979665
0.955307
-2.106676
-0.172696
1.709464
-1.372274
-1.332535
1.740822
-0.183247
-2.050546
1.044492
1.014104
-2.045865
-0.106923
1.770324
-1.313174
-1.267277
1.804183
-0.124726
-1.986997
1.109904
1.073461
-1.984508
-0.040636
1.831668
-1.253604
-1.201574
1.867954
-0.065814
-1.923074
1.175654
1.133131
-1.922851
0.025920
1.893249
-1.193811
-1.135673
1.931887
-0.006757
-1.859025
1.241494
1.192867
-1.861142
0.092495
1.954819
-1.134043
-1.069821
1.995735
0.052197
-1.795097
1.307177
1.252422
-1.799630
0.158844
2.016130
-1.074548
-1.004267
2.059250
0.110800
-1.731539
1.372456
1.311547
-1.738560
0.224718
2.076935
-1.015572
-0.939257
2.122185
0.168805
-1.668596
1.437084
1.369997
-1.678178
0.289872
2.136989
-0.957360
-0.875036
2.184297
0.225970
-1.606511
1.500818
1.427530
-1.618728
0.354064
2.196051
-0.900153
-0.811845
2.245344
0.282053
-1.545525
1.563418
1.483905
-1.560447
0.417055
2.253882
-0.844190
-0.749921
2.305089
0.336818
-1.485874
1.624649
1.538889
-1.503571
0.478612
2.310249
-0.789703
-0.689496
2.363301
0.390034
-1.427788
1.684282
1.592251
-1.448328
0.538506
2.364925
-0.736919
-0.630797
2.419755
0.441477
-1.371492
1.742092
1.643769
-1.394940
0.596516
2.417688
-0.686058
-0.574042
2.474232
0.490928
-1.317202
1.797863
1.693227
-1.343622
0.652429
2.468325
-0.637332
-0.519444
2.526520
0.538177
-1.265127
1.851386
1.740419
-1.294580
0.706037
2.516632
-0.590945
-0.467206
2.576418
0.583023
-1.215469
1.902463
1.785144
-1.248014
0.757144
2.562413
-0.547093
-0.417522
2.623732
0.625274
-1.168419
1.950903
1.827214
-1.204109
0.805563
2.605482
-0.505961
-0.370575
2.668281
0.664748
-1.124156
1.996527
1.866451
-1.163045
0.851119
2.645663
-0.467721
-0.326539
2.709892
0.701275
-1.082850
2.039165
1.902688
-1.124986
0.893646
2.682793
-0.432537
-0.285574
2.748404
0.734696
-1.044660
2.078663
1.935769
-1.090087
0.932991
2.716720
-0.400559
-0.247831
2.783670
0.764864
-1.009731
2.114875
1.965550
-1.058490
0.969013
2.747305
-0.371926
-0.213445
2.815555
0.791645
-0.978194
2.147669
1.991903
-1.030323
1.001586
2.774422
-0.346761
-0.182540
2.843937
0.814918
-0.950171
2.176929
2.014711
-1.005701
1.030595
2.797959
-0.325176
-0.155226
2.868707
0.834576
-0.925765
2.202550
2.033871
-0.984727
1.055942
2.817817
-0.307267
-0.131598
2.889771
0.850528
-0.905069
2.224443
2.049295
-0.967485
1.077539
2.833913
-0.293118
-0.111737
2.907051
0.862696
-0.888158
2.242532
2.060909
-0.954049
1.095319
2.846178
-0.282794
-0.095708
2.920482
0.871015
-0.875093
2.256759
2.068656
-0.944474
1.109224
2.854558
-0.276348
-0.083563
2.930014
0.875440
-0.865921
2.267077
2.072492
-0.938803
1.119215
2.859014
-0.273818
-0.075336
2.935614
0.875937
-0.860673
2.273459
2.072390
-0.937061
1.125267
2.859524
-0.275225
-0.071049
2.937264
0.872490
-0.859364
2.275889
2.068337
-0.939260
1.127372
2.856080
-0.280574
-0.070704
2.934960
0.865098
-0.861994
2.274371
2.060337
-0.945394
1.125536
2.848691
-0.289857
-0.074292
2.928715
0.853774
-0.868546
2.268922
2.048410
-0.955443
1.119780
2.837379
-0.303047
-0.081784
2.918558
0.838549
-0.878990
2.259574
2.032588
-0.969370
1.110143
2.822184
-0.320104
-0.093140
2.904533
0.819468
-0.893278
2.246375
2.012923
-0.987124
1.096677
2.803160
-0.340973
-0.108301
2.886698
0.796591
-0.911348
2.229390
1.989479
-1.008639
1.079450
2.780377
-0.365582
-0.127196
2.865127
0.769995
-0.933125
2.208697
1.962336
-1.033834
1.058546
2.753920
-0.393845
-0.149736
2.839909
0.739768
-0.958515
2.184388
1.931589
-1.062612
1.034061
2.723886
-0.425662
-0.175820
2.811147
0.706016
-0.987414
2.156572
1.897346
-1.094863
1.006107
2.690389
-0.460920
-0.205334
2.778958
0.668857
-1.019701
2.125368
1.859730
-1.130464
0.974809
2.653556
-0.499489
-0.238146
2.743472
0.628423
-1.055244
2.090912
1.818877
-1.169278
0.940306
2.613525
-0.541229
-0.274116
2.704834
0.584858
-1.093895
2.053351
1.774935
-1.211154
0.902748
2.570450
-0.585987
-0.313089
2.663199
0.538320
-1.135498
2.012844
1.728065
-1.255930
0.862299
2.524495
-0.633598
-0.354897
2.618734
0.488978
-1.179881
1.969563
1.678439
-1.303435
0.819132
2.475834
-0.683883
-0.399364
2.571619
0.437011
-1.226865
1.923689
1.626241
-1.353482
0.773434
2.424655
-0.736657
-0.446300
2.522043
0.382611
-1.276257
1.875416
1.571663
-1.405878
0.725400
2.371154
-0.791722
-0.495509
2.470205
0.325976
-1.327856
1.824943
1.514908
-1.460420
0.675233
2.315536
-0.848872
-0.546782
2.416313
0.267316
-1.381454
1.772483
1.456188
-1.516894
0.623147
2.258014
-0.907892
-0.599905
2.360582
0.206847
-1.436833
1.718253
1.395722
-1.575083
0.569362
2.198810
-0.968561
-0.654655
2.303236
0.144793
-1.493768
1.662478
1.333735
-1.634759
0.514106
2.138151
-1.030650
-0.710803
2.244505
0.081385
-1.552028
1.605390
1.270459
-1.695689
0.457610
2.076271
-1.093925
-0.768115
2.184623
0.016858
-1.611378
1.547225
1.206131
-1.757637
0.400113
2.013408
-1.158148
-0.826352
2.123830
-0.048549
-1.671577
1.488224
1.140993
-1.820361
0.341857
1.949805
-1.223076
-0.885270
2.062369
-0.114591
-1.732382
1.428631
1.075288
-1.883616
0.283087
1.885706
-1.288464
-0.944625
2.000486
-0.181023
-1.793546
1.368691
1.009263
-1.947156
0.224048
1.821358
-1.354064
-1.004170
1.938428
-0.247598
-1.854822
1.308653
0.943165
-2.010733
0.164990
1.757009
-1.419630
-1.063655
1.876443
-0.314067
-1.915962
1.248765
0.877243
-2.074100
0.106159
1.692907
-1.484912
-1.122834
1.814778
-0.380183
-1.976719
1.189274
0.811745
-2.137008
0.047803
1.629299
-1.549665
-1.181460
1.753681
-0.445699
-2.036845
1.130425
0.746914
-2.199213
-0.009832
1.566430
-1.613643
-1.239289
1.693395
-0.510373
-2.096099
1.072462
0.682995
-2.260472
-0.066506
1.504541
-1.676605
-1.296079
1.634161
-0.573962
-2.154240
1.015625
0.620227
-2.320546
-0.121978
1.443871
-1.738314
-1.351594
1.576216
-0.636232
-2.211032
0.960149
0.558845
-2.379201
-0.176016
1.384654
-1.798536
-1.405600
1.519791
-0.696950
-2.266244
0.906264
0.499077
-2.436207
-0.228392
1.327115
-1.857046
-1.457873
1.465112
-0.755893
-2.319653
0.854193
0.441147
-2.491344
-0.278883
1.271477
-1.913622
-1.508192
1.412397
-0.812842
-2.371041
0.804153
0.385271
-2.544396
-0.327277
1.217953
-1.968052
-1.556346
1.361858
-0.867586
-2.420199
0.756352
0.331655
-2.595156
-0.373366
1.166747
-2.020132
-1.602132
1.313697
-0.919926
-2.466926
0.710990
0.280499
-2.643427
-0.416955
1.118055
-2.069668
-1.645355
1.268106
-0.969668
-2.511033
0.668256
0.231992
-2.689021
-0.457856
1.072063
-2.116475
-1.685834
1.225268
-1.016632
-2.552337
0.628330
0.186311
-2.731760
-0.495894
1.028946
-2.160378
-1.723393
1.185355
-1.060646
-2.590671
0.591380
0.143624
-2.771479
-0.530904
0.988868
-2.201216
-1.757873
1.148527
-1.101552
-2.625875
0.557563
0.104087
-2.808024
-0.562732
0.951981
-2.238837
-1.789123
1.114932
-1.139203
-2.657805
0.527024
0.067842
-2.841252
-0.591238
0.918423
-2.273104
-1.817008
1.084705
-1.173465
-2.686328
0.499892
0.035019
-2.871035
-0.616296
0.888321
-2.303892
-1.841404
1.057968
-1.204217
-2.711324
0.476286
0.005735
-2.897259
-0.637791
0.861787
-2.331090
-1.862202
1.034830
-1.231354
-2.732689
0.456311
-0.019908
-2.919821
-0.655623
0.838919
-2.354602
-1.879306
1.015383
-1.254781
-2.750332
0.440054
-0.041822
-2.938636
-0.669709
0.819800
-2.374346
-1.892636
0.999708
-1.274422
-2.764176
0.427592
-0.059933
-2.953632
-0.679977
0.804500
-2.390253
-1.902126
0.987868
-1.290214
-2.774160
0.418983
-0.074184
-2.964752
-0.686372
0.793072
-2.402273
-1.907725
0.979913
-1.302109
-2.780239
0.414273
-0.084531
-2.971954
-0.688854
0.785555
-2.410368
-1.909398
0.975876
-1.310075
-2.782380
0.413491
-0.090946
-2.975213
-0.687399
0.781971
-2.414516
-1.907125
0.975777
-1.314095
-2.780569
0.416650
-0.093418
-2.974517
-0.681998
0.782329
-2.414712
-1.900902
0.979616
-1.314168
-2.774807
0.423748
-0.091950
-2.969873
-0.672658
0.786619
-2.410965
-1.890740
0.987382
-1.310308
-2.765110
0.434768
-0.086560
-2.961300
-0.659400
0.794818
-2.403302
-1.876666
0.999047
-1.302546
-2.751508
0.449676
-0.077285
-2.948835
-0.642262
0.806887
-2.391761
-1.858723
1.014566
-1.290926
-2.734049
0.468425
-0.064173
-2.932528
-0.621297
0.822772
-2.376401
-1.836967
1.033880
-1.275509
-2.712795
0.490951
-0.047289
-2.912448
-0.596574
0.842402
-2.357290
-1.811472
1.056916
-1.256371
-2.687823
0.517175
-0.026714
-2.888675
-0.568176
0.865694
-2.334516
-1.782324
1.083585
-1.233602
-2.659225
0.547004
-0.002542
-2.861304
-0.536199
0.892549
-2.308179
-1.749625
1.113782
-1.207306
-2.627106
0.580330
0.025118
-2.830447
-0.500755
0.922853
-2.278393
-1.713492
1.147393
-1.177602
-2.591586
0.617033
0.056144
-2.796228
-0.461970
0.956481
-2.245285
-1.674053
1.184285
-1.144622
-2.552799
0.656979
0.090399
-2.758782
-0.419982
0.993292
-2.208998
-1.631451
1.224315
-1.108510
-2.510890
0.700018
0.127736
-2.718261
-0.374942
1.033133
-2.169684
-1.585841
1.267327
-1.069424
-2.466019
0.745993
0.167993
-2.674826
-0.327013
1.075842
-2.127509
-1.537388
1.313154
-1.027533
-2.418355
0.794732
0.210999
-2.628650
-0.276371
1.121242
-2.082649
-1.486272
1.361617
-0.983016
-2.368079
0.846052
0.256569
-2.579918
-0.223199
1.169147
-2.035292
-1.432679
1.412525
-0.936064
-2.315383
0.899762
0.304511
-2.528825
-0.167694
1.219360
-1.985636
-1.376810
1.465681
-0.886877
-2.260467
0.955659
0.354623
-2.475573
-0.110059
1.271676
-1.933886
-1.318870
1.520876
-0.835664
-2.203541
1.013533
0.406691
-2.420374
-0.050509
1.325882
-1.880256
-1.259074
1.577894
-0.782641
-2.144823
1.073166
0.460499
-2.363450
0.010738
1.381757
-1.824969
-1.197646
1.636512
-0.728032
-2.084537
1.134333
0.515819
-2.305025
0.073453
1.439072
-1.768254
-1.134815
1.696501
-0.672068
-2.022914
1.196801
0.572421
-2.245333
0.137403
1.497595
-1.710343
-1.070814
1.757625
-0.614984
-1.960190
1.260336
0.630067
-2.184610
0.202351
1.557086
-1.651476
-1.005883
1.819644
-0.557020
-1.896606
1.324695
0.688515
-2.123099
0.268056
1.617305
-1.591895
-0.940265
1.882317
-0.498419
-1.832404
1.389636
0.747523
-2.061043
0.334271
1.678005
-1.531845
-0.874206
1.945396
-0.439428
-1.767832
1.454912
0.806842
-1.998690
0.400751
1.738940
-1.471574
-0.807952
2.008635
-0.380293
-1.703136
1.520274
0.866227
-1.936287
0.467248
1.799862
-1.411329
-0.741751
2.071786
-0.321262
-1.638564
1.585476
0.925428
-1.874082
0.533513
1.860523
-1.351358
-0.675852
2.134601
-0.262584
-1.574365
1.650269
0.984199
-1.812322
0.599299
1.920676
-1.291909
-0.610500
2.196833
-0.204504
-1.510784
1.714409
1.042293
-1.751253
0.664363
1.980077
-1.233224
-0.545941
2.258239
-0.147266
-1.448065
1.777651
1.099469
-1.691117
0.728460
2.038484
-1.175547
-0.482415
2.318578
-0.091111
-1.386448
1.839756
1.155486
-1.632153
0.791353
2.095657
-1.119115
-0.420160
2.377613
-0.036274
-1.326168
1.900489
1.210110
-1.574595
0.852808
2.151365
-1.064159
-0.359408
2.435112
0.017013
-1.267456
1.959619
1.263112
-1.518673
0.912597
2.205380
-1.010908
-0.300384
2.490850
0.068525
-1.210536
2.016924
1.314268
-1.464607
0.970498
2.257481
-0.959581
-0.243309
2.544609
0.118045
-1.155625
2.072187
1.363364
-1.412614
1.026298
2.307455
-0.910390
-0.188393
2.596177
0.165362
-1.102933
2.125200
1.410192
-1.362899
1.079790
2.355097
-0.863541
-0.135841
2.645352
0.210275
-1.052660
2.175763
1.454553
-1.315660
1.130778
2.400211
-0.819226
-0.085845
2.691942
0.252593
-1.004996
2.223686
1.496259
-1.271085
1.179076
2.442612
-0.777631
-0.038590
2.735764
0.292134
-0.960123
2.268790
1.535130
-1.229351
1.224506
2.482125
-0.738930
0.005752
2.776646
0.328727
-0.918209
2.310907
1.571001
-1.190625
1.266905
2.518585
-0.703286
0.047020
2.814428
0.362214
-0.879412
2.349880
1.603716
-1.155059
1.306119
2.551841
-0.670848
0.085064
2.848962
0.392447
-0.843878
2.385565
1.633132
-1.122797
1.342008
2.581755
-0.641755
0.119747
2.880113
0.419294
-0.811740
2.417831
1.659118
-1.093966
1.374444
2.608200
-0.616131
0.150947
2.907760
0.442633
-0.783115
2.446559
1.681560
-1.068681
1.403315
2.631064
-0.594086
0.178554
2.931794
0.462358
-0.758110
2.471647
1.700353
-1.047044
1.428521
2.650250
-0.575718
0.202473
2.952121
0.478377
-0.736816
2.493005
1.715412
-1.029140
1.449976
2.665673
-0.561109
0.222624
2.968663
0.490611
-0.719308
2.510558
1.726661
-1.015042
1.467610
2.677265
-0.550325
0.238940
2.981354
0.498999
-0.705648
2.524246
1.734044
-1.004805
1.481369
2.684972
-0.543419
0.251371
2.990147
0.503493
-0.695882
2.534026
1.737516
-0.998473
1.491212
2.688756
-0.540428
0.259882
2.995007
0.504061
-0.690041
2.539867
1.737052
-0.996070
1.497114
2.688593
-0.541372
0.264453
2.995916
0.500685
-0.688139
2.541756
1.732637
-0.997607
1.499068
2.684478
-0.546259
0.265079
2.992872
0.493365
-0.690176
2.539696
1.724278
-1.003079
1.497079
2.676418
-0.555077
0.261773
2.985887
0.482116
-0.696136
2.533703
1.711991
-1.012465
1.491171
2.664436
-0.567802
0.254560
2.974989
0.466967
-0.705988
2.523811
1.695812
-1.025730
1.481379
2.648572
-0.584392
0.243484
2.960224
0.447964
-0.719685
2.510069
1.675792
-1.042820
1.467759
2.628881
-0.604793
0.228601
2.941649
0.425167
-0.737164
2.492540
1.651995
-1.063671
1.450377
2.605432
-0.628931
0.209985
2.919339
0.398653
-0.758348
2.471303
1.624501
-1.088199
1.429316
2.578310
-0.656722
0.187723
2.893383
0.368510
-0.783146
2.446450
1.593404
-1.116310
1.404675
2.547613
-0.688066
0.161917
2.863883
0.334845
-0.811452
2.418089
1.558815
-1.147893
1.376565
2.513455
-0.722847
0.132682
2.830958
0.297775
-0.843146
2.386342
1.520855
-1.182824
1.345111
2.475963
-0.760938
0.100147
2.794738
0.257433
-0.878094
2.351343
1.479660
-1.220966
1.310452
2.435275
-0.802198
0.064456
2.755366
0.213964
-0.916150
2.313240
1.435379
-1.262169
1.272738
2.391546
-0.846472
0.025762
2.712998
0.167524
-0.957157
2.272191
1.388173
-1.306271
1.232133
2.344938
-0.893597
-0.015767
2.667803
0.118282
-1.000943
2.228369
1.338215
-1.353098
1.188812
2.295627
-0.943394
-0.059953
2.619959
0.066420
-1.047328
2.181955
1.285686
-1.402466
1.142960
2.243801
-0.995676
-0.106609
2.569655
0.012126
-1.096120
2.133143
1.230782
-1.454180
1.094771
2.189655
-1.050247
-0.155536
2.517091
-0.044398
-1.147119
2.082133
1.173704
-1.508038
1.044452
2.133394
-1.106899
-0.206527
2.462475
-0.102944
-1.200114
2.029136
1.114664
-1.563827
0.992214
2.075233
-1.165418
-0.259366
2.406023
-0.163295
-1.254888
1.974371
1.053881
-1.621328
0.938278
2.015393
-1.225583
-0.313832
2.347958
-0.225227
-1.311217
1.918062
0.991581
-1.680313
0.882871
1.954101
-1.287166
-0.369694
2.288509
-0.288511
-1.368870
1.860442
0.927995
-1.740550
0.826226
1.891591
-1.349931
-0.426720
2.227913
-0.352909
-1.427611
1.801746
0.863362
-1.801802
0.768581
1.828101
-1.413640
-0.484668
2.166407
-0.418184
-1.487199
1.742215
0.797921
-1.863827
0.710178
1.763873
-1.478051
-0.543298
2.104236
-0.484090
-1.547390
1.682094
0.731917
-1.926382
0.651262
1.699153
-1.542918
-0.602362
2.041644
-0.550382
-1.607940
1.621628
0.665597
-1.989218
0.592079
1.634187
-1.607995
-0.661615
1.978880
-0.616813
-1.668599
1.561065
0.599209
-2.052089
0.532877
1.569223
-1.673034
-0.720807
1.916192
-0.683135
-1.729121
1.500654
0.532999
-2.114746
0.473904
1.504510
-1.737785
-0.779692
1.853826
-0.749099
-1.789257
1.440641
0.467217
-2.176943
0.415407
1.440293
-1.802004
-0.838023
1.792030
-0.814461
-1.848762
1.381272
0.402106
-2.238434
0.357632
1.376818
-1.865446
-0.895555
1.731048
-0.878976
-1.907392
1.322791
0.337911
-2.298976
0.300820
1.314327
-1.927868
-0.952047
1.671119
-0.942403
-1.964908
1.265437
0.274870
-2.358331
0.245209
1.253058
-1.989033
-1.007263
1.612482
-1.004506
-2.021072
1.209446
0.213218
-2.416264
0.191034
1.193244
-2.048708
-1.060969
1.555367
-1.065055
-2.075656
1.155046
0.153184
-2.472547
0.138523
1.135112
-2.106668
-1.112941
1.500000
-1.123825
-2.128435
1.102463
0.094992
-2.526958
0.087896
1.078884
-2.162691
-1.162958
1.446600
-1.180597
-2.179191
1.051911
0.038856
-2.579281
0.039369
1.024771
-2.216565
-1.210809
1.395377
-1.235162
-2.227716
1.003599
-0.015015
-2.629310
-0.006854
0.972980
-2.268087
-1.256291
1.346533
-1.287318
-2.273810
0.957728
-0.066424
-2.676849
-0.050576
0.923706
-2.317061
-1.299211
1.300262
-1.336874
-2.317280
0.914485
-0.115181
-2.721708
-0.091610
0.877134
-2.363303
-1.339384
1.256745
-1.383648
-2.357949
0.874052
-0.161108
-2.763711
-0.129780
0.833440
-2.406640
-1.376639
1.216155
-1.427470
-2.395645
0.836595
-0.204039
-2.802692
-0.164921
0.792786
-2.446908
-1.410813
1.178652
-1.468181
-2.430211
0.802272
-0.243817
-2.838496
-0.196880
0.755326
-2.483957
-1.441758
1.144382
-1.505634
-2.461502
0.771226
-0.280301
-2.870983
-0.225518
0.721197
-2.517650
-1.469337
1.113482
-1.539695
-2.489385
0.743590
-0.313360
-2.900024
-0.250707
0.690526
-2.547863
-1.493427
1.086074
-1.570244
-2.513742
0.719479
-0.342878
-2.925504
-0.272334
0.663424
-2.574483
-1.513919
1.062264
-1.597175
-2.534467
0.698998
-0.368752
-2.947321
-0.290299
0.639990
-2.597416
-1.530718
1.042147
-1.620395
-2.551469
0.682237
-0.390895
-2.965391
-0.304517
0.620307
-2.616578
-1.543743
1.025802
-1.639827
-2.564673
0.669269
-0.409234
-2.979640
-0.314918
0.604443
-2.631904
-1.552929
1.013293
-1.655408
-2.574017
0.660155
-0.423711
-2.990013
-0.321448
0.592454
-2.643339
-1.558225
1.004669
-1.667090
-2.579455
0.654939
-0.434282
-2.996468
-0.324065
0.584375
-2.650849
-1.559596
0.999963
-1.674841
-2.580957
0.653650
-0.440920
-2.998979
-0.322746
0.580232
-2.654411
-1.557022
0.999195
-1.678645
-2.578508
0.656302
-0.443613
-2.997536
-0.317483
0.580029
-2.654020
-1.550500
1.002365
-1.678501
-2.572108
0.662891
-0.442365
-2.992143
-0.308281
0.583761
-2.649686
-1.540039
1.009462
-1.674423
-2.561773
0.673402
-0.437195
-2.982823
-0.295164
0.591402
-2.641435
-1.525669
1.020457
-1.666442
-2.547536
0.687799
-0.428138
-2.969610
-0.278169
0.602913
-2.629306
-1.507430
1.035306
-1.654602
-2.529443
0.706036
-0.415244
-2.952557
-0.257349
0.618239
-2.613357
-1.485381
1.053949
-1.638965
-2.507555
0.728048
-0.398578
-2.931731
-0.232772
0.637312
-2.593658
-1.459595
1.076313
-1.619606
-2.481952
0.753756
-0.378220
-2.907212
-0.204522
0.660045
-2.570295
-1.430158
1.102309
-1.596615
-2.452723
0.783068
-0.354265
-2.879098
-0.172695
0.686341
-2.543370
-1.397173
1.131832
-1.570098
-2.419976
0.815875
-0.326821
-2.847498
-0.137405
0.716086
-2.512995
-1.360756
1.164767
-1.540173
-2.383831
0.852057
-0.296012
-2.812536
-0.098776
0.749154
-2.479301
-1.321036
1.200983
-1.506971
-2.344420
0.891479
-0.261974
-2.774350
-0.056947
0.785405
-2.442426
-1.278155
1.240334
-1.470638
-2.301890
0.933992
-0.224854
-2.733090
-0.012068
0.824685
-2.402526
-1.232268
1.282667
-1.431331
-2.256399
0.979439
-0.184814
-2.688917
0.035696
0.866832
-2.359766
-1.183543
1.327812
-1.389219
-2.208119
1.027646
-0.142027
-2.642006
0.086171
0.911668
-2.314322
-1.132157
1.375591
-1.344483
-2.157229
1.078433
-0.096675
-2.592541
0.139172
0.959008
-2.266382
-1.078298
1.425814
-1.297312
-2.103921
1.131606
-0.048952
-2.540715
0.194503
1.008656
-2.216144
-1.022165
1.478282
-1.247907
-2.048397
1.186964
0.000938
-2.486733
0.251960
1.060405
-2.163813
-0.963965
1.532787
-1.196476
-1.990865
1.244295
0.052786
-2.430808
0.311330
1.114043
-2.109605
-0.903913
1.589112
-1.143236
-1.931544
1.303383
0.106371
-2.373157
0.372392
1.169348
-2.053740
-0.842232
1.647036
-1.088412
-1.870659
1.364001
0.161469
-2.314009
0.434919
1.226091
-1.996448
-0.779151
1.706328
-1.032234
-1.808440
1.425918
0.217846
-2.253596
0.498677
1.284041
-1.937962
-0.714905
1.766752
-0.974936
-1.745122
1.488898
0.275266
-2.192155
0.563430
1.342958
-1.878522
-0.649732
1.828070
-0.916760
-1.680947
1.552699
0.333488
-2.129927
0.628936
1.402599
-1.818370
-0.583876
1.890038
-0.857948
-1.616159
1.617078
0.392268
-2.067158
0.694948
1.462721
-1.757750
-0.517581
1.952411
-0.798746
-1.551002
1.681789
0.451359
-2.004094
0.761222
1.523077
-1.696911
-0.451096
2.014941
-0.739402
-1.485726
1.746584
0.510513
-1.940982
0.827508
1.583417
-1.636100
-0.384669
2.077380
-0.680164
-1.420577
1.811214
0.569483
-1.878070
0.893559
1.643495
-1.575564
-0.318546
2.139480
-0.621280
-1.355804
1.875433
0.628021
-1.815607
0.959128
1.703063
-1.515551
-0.252975
2.200996
-0.562994
-1.291652
1.938995
0.685882
-1.753836
1.023969
1.761878
-1.456306
-0.188200
2.261683
-0.505552
-1.228366
2.001656
0.742822
-1.693001
1.087842
1.819696
-1.398068
-0.124462
2.321300
-0.449194
-1.166184
2.063177
0.798603
-1.633341
1.150506
1.876280
-1.341077
-0.061998
2.379611
-0.394156
-1.105342
2.123322
0.852990
-1.575089
1.211728
1.931397
-1.285565
-0.001040
2.436384
-0.340668
-1.046072
2.181862
0.905754
-1.518474
1.271281
1.984819
-1.231759
0.058185
2.491394
-0.288956
-0.988597
2.238574
0.956672
-1.463718
1.328943
2.036326
-1.179878
0.115459
2.544422
-0.239237
-0.933134
2.293241
1.005528
-1.411037
1.384500
2.085704
-1.130134
0.170569
2.595258
-0.191722
-0.879892
2.345655
1.052115
-1.360636
1.437746
2.132749
-1.082733
0.223313
2.643698
-0.146611
-0.829072
2.395616
1.096235
-1.312713
1.488485
2.177266
-1.037868
0.273497
2.689552
-0.104096
-0.780864
2.442935
1.137699
-1.267456
1.536531
2.219068
-0.995724
0.320938
2.732636
-0.064359
-0.735449
2.487432
1.176328
-1.225042
1.581706
2.257980
-0.956475
0.365463
2.772778
-0.027569
-0.692996
2.528939
1.211957
-1.185637
1.623846
2.293840
-0.920282
0.406910
2.809818
0.006113
-0.653662
2.567301
1.244429
-1.149395
1.662799
2.326495
-0.887298
0.445130
2.843610
0.036542
-0.617594
2.602372
1.273601
-1.116456
1.698425
2.355807
-0.857658
0.479988
2.874017
0.063585
-0.584923
2.634022
1.299345
-1.086951
1.730595
2.381650
-0.831488
0.511360
2.900919
0.087120
-0.555768
2.662133
1.321544
-1.060992
1.759198
2.403912
-0.808897
0.539137
2.924207
0.107041
-0.530234
2.686601
1.340095
-1.038682
1.784133
2.422495
-0.789984
0.563223
2.943787
0.123256
-0.508412
2.707338
1.354912
-1.020107
1.805316
2.437316
-0.774828
0.583539
2.959581
0.135688
-0.490379
2.724269
1.365920
-1.005337
1.822676
2.448306
-0.763499
0.600019
2.971524
0.144274
-0.476195
2.737333
1.373062
-0.994431
1.836158
2.455411
-0.756047
0.612612
2.979569
0.148966
-0.465905
2.746488
1.376295
-0.987428
1.845723
2.458594
-0.752509
0.621283
2.983680
0.149733
-0.459542
2.751703
1.375592
-0.984355
1.851347
2.457831
-0.752906
0.626013
2.983840
0.146558
-0.457118
2.752966
1.370941
-0.985223
1.853020
2.453116
-0.757245
0.626797
2.980047
0.139441
-0.458635
2.750278
1.362345
-0.990025
1.850750
2.444456
-0.765514
0.623647
2.972313
0.128395
-0.464075
2.743658
1.349824
-0.998741
1.844558
2.431877
-0.777689
0.616590
2.960668
0.113452
-0.473408
2.733139
1.333413
-1.011334
1.834484
2.415417
-0.793728
0.605668
2.945155
0.094655
-0.486585
2.718768
1.313162
-1.027754
1.820579
2.395131
-0.813576
0.590940
2.925833
0.072068
-0.503545
2.700611
1.289136
-1.047932
1.802913
2.371088
-0.837160
0.572477
2.902777
0.045764
-0.524210
2.678745
1.261416
-1.071789
1.781568
2.343375
-0.864396
0.550369
2.876076
0.015835
-0.548489
2.653264
1.230095
-1.099226
1.756642
2.312089
-0.895181
0.524715
2.845833
-0.017614
-0.576276
2.624276
1.195284
-1.130134
1.728247
2.277343
-0.929403
0.495633
2.812165
-0.054466
-0.607449
2.591902
1.157105
-1.164389
1.696508
2.239265
-0.966932
0.463252
2.775204
-0.094587
-0.641877
2.556277
1.115694
-1.201854
1.661563
2.197994
-1.007628
0.427714
2.735093
-0.137833
-0.679412
2.517548
1.071199
-1.242378
1.623565
2.153684
-1.051337
0.389174
2.691987
-0.184047
-0.719896
2.475875
1.023783
-1.285799
1.582676
2.106498
-1.097892
0.347799
2.646056
-0.233059
-0.763160
2.431430
0.973617
-1.331944
1.539072
2.056612
-1.147118
0.303767
2.597478
-0.284688
-0.809021
2.384394
0.920884
-1.380628
1.492937
2.004213
-1.198827
0.257267
2.546442
-0.338746
-0.857288
2.334960
0.865778
-1.431657
1.444466
1.949497
-1.252821
0.208496
2.493149
-0.395031
-0.907760
2.283330
0.808503
-1.484827
1.393865
1.892669
-1.308893
0.157662
2.437805
-0.453335
-0.960228
2.229715
0.749268
-1.539926
1.341347
1.833944
-1.366831
0.104980
2.380628
-0.513440
-1.014473
2.174333
0.688295
-1.596734
1.287132
1.773543
-1.426411
0.050673
2.321839
-0.575123
-1.070272
2.117409
0.625807
-1.655025
1.231447
1.711693
-1.487404
-0.005030
2.261670
-0.638153
-1.127392
2.059175
0.562038
-1.714565
1.174525
1.648629
-1.549578
-0.061894
2.200355
-0.702295
-1.185600
1.999867
0.497225
-1.775118
1.116604
1.584587
-1.612693
-0.119681
2.138134
-0.767309
-1.244653
1.939727
0.431608
-1.836443
1.057926
1.519812
-1.676506
-0.178147
2.075249
-0.832952
-1.304308
1.878997
0.365432
-1.898293
0.998737
1.454547
-1.740773
-0.237048
2.011948
-0.898976
-1.364319
1.817925
0.298944
-1.960424
0.939281
1.389040
-1.805246
-0.296135
1.948476
-0.965136
-1.424439
1.756757
0.232390
-2.022586
0.879808
1.323538
-1.869677
-0.355161
1.885082
-1.031183
-1.484419
1.695742
0.166020
-2.084533
0.820566
1.258290
-1.933819
-0.413878
1.822014
-1.096868
-1.544013
1.635128
0.100080
-2.146017
0.761800
1.193543
-1.997424
-0.472040
1.759517
-1.161948
-1.602973
1.575160
0.034816
-2.206792
0.703757
1.129540
-2.060249
-0.529402
1.697837
-1.226176
-1.661058
1.516081
-0.029529
-2.266617
0.646679
1.066524
-2.122051
-0.585723
1.637213
-1.289313
-1.718025
1.458131
-0.092716
-2.325252
0.590803
1.004734
-2.182593
-0.640767
1.577883
-1.351124
-1.773641
1.401545
-0.154511
-2.382463
0.536365
0.944402
-2.241643
-0.694300
1.520078
-1.411376
-1.827674
1.346552
-0.214683
-2.438022
0.483590
0.885755
-2.298974
-0.746097
1.464023
-1.469845
-1.879901
1.293377
-0.273011
-2.491706
0.432702
0.829014
-2.354365
-0.795940
1.409937
-1.526313
-1.930105
1.242236
-0.329278
-2.543301
0.383913
0.774393
-2.407606
-0.843615
1.358031
-1.580571
-1.978075
1.193336
-0.383278
-2.592600
0.337430
0.722096
-2.458490
-0.888921
1.308506
-1.632418
-2.023614
1.146877
-0.434812
-2.639406
0.293448
0.672318
-2.506825
-0.931664
1.261555
-1.681660
-2.066528
1.103048
-0.483692
-2.683532
0.252155
0.625245
-2.552426
-0.971660
1.217361
-1.728119
-2.106640
1.062029
-0.529739
-2.724800
0.213727
0.581053
-2.595118
-1.008736
1.176096
-1.771621
-2.143778
1.023989
-0.572786
-2.763044
0.178327
0.539904
-2.634739
-1.042732
1.137918
-1.812010
-2.177786
0.989082
-0.612678
-2.798110
0.146110
0.501950
-2.671140
-1.073499
1.102976
-1.849139
-2.208518
0.957454
-0.649272
-2.829858
0.117214
0.467331
-2.704183
-1.100900
1.071405
-1.882873
-2.235842
0.929235
-0.682439
-2.858159
0.091767
0.436170
-2.733742
-1.124812
1.043327
-1.913093
-2.259639
0.904543
-0.712063
-2.882897
0.069882
0.408582
-2.759709
-1.145127
1.018849
-1.939693
-2.279804
0.883481
-0.738041
-2.903973
0.051659
0.384662
-2.781986
-1.161749
0.998064
-1.962579
-2.296247
0.866138
-0.760286
-2.921299
0.037182
0.364496
-2.800491
-1.174597
0.981052
-1.981675
-2.308892
0.852590
-0.778724
-2.934806
0.026522
0.348151
-2.815158
-1.183607
0.967877
-1.996919
-2.317677
0.842895
-0.793298
-2.944435
0.019732
0.335680
-2.825934
-1.188728
0.958588
-2.008262
-2.322557
0.837097
-0.803965
-2.950146
0.016854
0.327123
-2.832784
-1.189925
0.953218
-2.015673
-2.323501
0.835226
-0.810698
-2.951913
0.017910
0.322500
-2.835685
-1.187178
0.951784
-2.019136
-2.320495
0.837295
-0.813484
-2.949727
0.022911
0.321821
-2.834632
-1.180484
0.954290
-2.018649
-2.313540
0.843301
-0.812329
-2.943591
0.031848
0.325076
-2.829636
-1.169854
0.960723
-2.014227
-2.302650
0.853228
-0.807250
-2.933528
0.044699
0.332240
-2.820722
-1.155315
0.971053
-2.005901
-2.287860
0.867040
-0.798283
-2.919573
0.061426
0.343276
-2.807930
-1.136910
0.985237
-1.993716
-2.269214
0.884690
-0.785478
-2.901779
0.081977
0.358127
-2.791318
-1.114697
1.003214
-1.977734
-2.246777
0.906114
-0.768900
-2.880212
0.106282
0.376724
-2.770957
-1.088748
1.024912
-1.958028
-2.220625
0.931234
-0.748631
-2.854954
0.134259
0.398983
-2.746932
-1.059151
1.050241
-1.934692
-2.190850
0.959954
-0.724764
-2.826102
0.165809
0.424804
-2.719345
-1.026009
1.079096
-1.907828
-2.157559
0.992169
-0.697408
-2.793765
0.200821
0.454073
-2.688309
-0.989436
1.111362
-1.877556
-2.120871
1.027756
-0.666687
-2.758068
0.239169
0.486665
-2.653954
-0.949563
1.146907
-1.844008
-2.080920
1.066581
-0.632736
-2.719148
0.280715
0.522439
-2.616420
-0.906533
1.185588
-1.807329
-2.037852
1.108496
-0.595704
-2.677156
0.325307
0.561243
-2.575861
-0.860500
1.227247
-1.767677
-1.991827
1.153341
-0.555753
-2.632253
0.372782
0.602911
-2.532443
-0.811631
1.271718
-1.725220
-1.943014
1.200946
-0.513055
-2.584614
0.422965
0.647269
-2.486343
-0.760104
1.318821
-1.680140
-1.891595
1.251126
-0.467792
-2.534423
0.475671
0.694129
-2.437748
-0.706108
1.368366
-1.632625
-1.837760
1.303691
-0.420160
-2.481873
0.530704
0.743296
-2.386857
-0.649841
1.420154
-1.582877
-1.781713
1.358437
-0.370360
-2.427170
0.587859
0.794564
-2.333874
-0.591510
1.473977
-1.531105
-1.723661
1.415155
-0.318604
-2.370525
0.646923
0.847718
-2.279014
-0.531331
1.529620
-1.477525
-1.663823
1.473626
-0.265111
-2.312158
0.707677
0.902538
-2.222501
-0.469527
1.586858
-1.422361
-1.602423
1.533624
-0.210108
-2.252296
0.769892
0.958796
-2.164562
-0.406326
1.645462
-1.365844
-1.539693
1.594919
-0.153825
-2.191171
0.833335
1.016258
-2.105431
-0.341964
1.705196
-1.308209
-1.475868
1.657273
-0.096501
-2.129021
0.897769
1.074686
-2.045347
-0.276679
1.765822
-1.249697
-1.411190
1.720446
-0.038376
-2.066087
0.962952
1.133838
-1.984553
-0.210714
1.827096
-1.190550
-1.345900
1.784193
0.020306
-2.002615
1.028638
1.193468
-1.923293
-0.144315
1.888772
-1.131015
-1.280247
1.848269
0.079298
-1.938849
1.094581
1.253330
-1.861816
-0.077729
1.950603
-1.071339
-1.214477
1.912426
0.138352
-1.875039
1.160534
1.313176
-1.800369
-0.011204
2.012341
-1.011770
-1.148838
1.976416
0.197220
-1.811432
1.226247
1.372758
-1.739199
0.055012
2.073739
-0.952556
-1.083578
2.039991
0.255656
-1.748276
1.291475
1.431829
-1.678554
0.120673
2.134549
-0.893942
-1.018942
2.102905
0.313413
-1.685815
1.355972
1.490144
-1.618677
0.185534
2.194528
-0.836173
-0.955175
2.164917
0.370248
-1.624293
1.419496
1.547461
-1.559812
0.249354
2.253436
-0.779489
-0.892517
2.225785
0.425924
-1.563947
1.481809
1.603543
-1.502194
0.311896
2.311035
-0.724126
-0.831202
2.285274
0.480204
-1.505013
1.542676
1.658157
-1.446056
0.372929
2.367094
-0.670315
-0.771461
2.343156
0.532860
-1.447718
1.601870
1.711074
-1.391626
0.432225
2.421388
-0.618280
-0.713519
2.399207
0.583669
-1.392285
1.659170
1.762075
-1.339123
0.489567
2.473698
-0.568240
-0.657592
2.453209
0.632416
-1.338929
1.714362
1.810947
-1.288760
0.544742
2.523814
-0.520404
-0.603890
2.504956
0.678893
-1.287855
1.767240
1.857484
-1.240739
0.597547
2.571533
-0.474973
-0.552612
2.554248
0.722902
-1.239262
1.817607
1.901491
-1.195256
0.647789
2.616664
-0.432139
-0.503949
2.600895
0.764255
-1.193337
1.865278
1.942784
-1.152496
0.695284
2.659023
-0.392083
-0.458082
2.644719
0.802773
-1.150256
1.910075
1.981186
-1.112631
0.739860
2.698439
-0.354975
-0.415179
2.685550
0.838289
-1.110186
1.951836
2.016535
-1.075825
0.781356
2.734753
-0.320975
-0.375398
2.723233
0.870649
-1.073281
1.990406
2.048679
-1.042227
0.819623
2.767816
-0.290228
-0.338885
2.757624
0.899709
-1.039681
2.025646
2.077479
-1.011974
0.854524
2.797494
-0.262869
-0.305771
2.788592
0.925341
-1.009516
2.057429
2.102810
-0.985192
0.885937
2.823665
-0.239016
-0.276175
2.816020
0.947428
-0.982899
2.085642
2.124560
-0.961990
0.913753
2.846222
-0.218778
-0.250203
2.839804
0.965868
-0.959932
2.110185
2.142631
-0.942465
0.937876
2.865071
-0.202244
-0.227945
2.859854
0.980574
-0.940700
2.130974
2.156940
-0.926699
0.958226
2.880133
-0.189494
-0.209476
2.876097
0.991472
-0.925276
2.147938
2.167418
-0.914759
0.974738
2.891344
-0.180589
-0.194858
2.888473
0.998505
-0.913715
2.161023
2.174013
-0.906696
0.987362
2.898656
-0.175577
-0.184137
2.896938
1.001630
-0.906058
2.170190
2.176685
-0.902546
0.996062
2.902035
-0.174489
-0.177342
2.901463
1.000819
-0.902332
2.175413
2.175413
-0.902332
1.000819
2.901463
-0.177342
-0.174489
2.902035
0.996062
-0.902546
2.176685
2.170190
-0.906058
1.001630
2.896938
-0.184137
-0.175577
2.898656
0.987362
-0.906696
2.174013
2.161023
-0.913715
0.998505
2.888473
-0.194858
-0.180589
2.891344
0.974738
-0.914759
2.167418
2.147938
-0.925276
0.991472
2.876097
-0.209476
-0.189494
2.880133
0.958226
-0.926699
2.156940
2.130974
-0.940700
0.980574
2.859854
-0.227945
-0.202244
2.865071
0.937876
-0.942465
2.142631
2.110185
-0.959932
0.965868
2.839804
-0.250203
-0.218778
2.846222
0.913753
-0.961990
2.124560
2.085642
-0.982899
0.947428
2.816020
-0.276175
-0.239016
2.823665
0.885937
-0.985192
2.102810
2.057429
-1.009516
0.925341
2.788592
-0.305771
-0.262869
2.797494
0.854524
-1.011974
2.077479
2.025646
-1.039681
0.899709
2.757624
-0.338885
-0.290228
2.767816
0.819623
-1.042227
2.048679
1.990406
-1.073281
0.870649
2.723233
-0.375398
-0.320975
2.734753
0.781356
-1.075825
2.016535
1.951836
-1.110186
0.838289
2.685550
-0.415179
-0.354975
2.698439
0.739860
-1.112631
1.981186
1.910075
-1.150256
0.802773
2.644719
-0.458082
-0.392083
2.659023
0.695284
-1.152496
1.942784
1.865278
-1.193337
0.764255
2.600895
-0.503949
-0.432139
2.616664
0.647789
-1.195256
1.901491
1.817607
-1.239262
0.722902
2.554248
-0.552612
-0.474973
2.571533
0.597547
-1.240739
1.857484
1.767240
-1.287855
0.678893
2.504956
-0.603890
-0.520404
2.523814
0.544742
-1.288760
1.810947
1.714362
-1.338929
0.632416
2.453209
-0.657592
-0.568240
2.473698
0.489567
-1.339123
1.762075
1.659170
-1.392285
0.583669
2.399207
-0.713519
-0.618280
2.421388
0.432225
-1.391626
1.711074
1.601870
-1.447718
0.532860
2.343156
-0.771461
-0.670315
2.367094
0.372929
-1.446056
1.658157
1.542676
-1.505013
0.480204
2.285274
-0.831202
-0.724126
2.311035
0.311896
-1.502194
1.603543
1.481809
-1.563947
0.425924
2.225785
-0.892517
-0.779489
2.253436
0.249354
-1.559812
1.547461
1.419496
-1.624293
0.370248
2.164917
-0.955175
-0.836173
2.194528
0.185534
-1.618677
1.490144
1.355972
-1.685815
0.313413
2.102905
-1.018942
-0.893942
2.134549
0.120673
-1.678554
1.431829
1.291475
-1.748276
0.255656
2.039991
-1.083578
-0.952556
2.073739
0.055012
-1.739199
1.372758
1.226247
-1.811432
0.197220
1.976416
-1.148838
-1.011770
2.012341
-0.011204
-1.800369
1.313176
1.160534
-1.875039
0.138352
1.912426
-1.214477
-1.071339
1.950603
-0.077729
-1.861816
1.253330
1.094581
-1.938849
0.079298
1.848269
-1.280247
-1.131015
1.888772
-0.144315
-1.923293
1.193468
1.028638
-2.002615
0.020306
1.784193
-1.345900
-1.190550
1.827096
-0.210714
-1.984553
1.133838
0.962952
-2.066087
-0.038376
1.720446
-1.411190
-1.249697
1.765822
-0.276679
-2.045347
1.074686
0.897769
-2.129021
-0.096501
1.657273
-1.475868
-1.308209
1.705196
-0.341964
-2.105431
1.016258
0.833335
-2.191171
-0.153825
1.594919
-1.539693
-1.365844
1.645462
-0.406326
-2.164562
0.958796
0.769892
-2.252296
-0.210108
1.533624
-1.602423
-1.422361
1.586858
-0.469527
-2.222501
0.902538
0.707677
-2.312158
-0.265111
1.473626
-1.663823
-1.477525
1.529620
-0.531331
-2.279014
0.847718
0.646923
-2.370525
-0.318604
1.415155
-1.723661
-1.531105
1.473977
-0.591510
-2.333874
0.794564
0.587859
-2.427170
-0.370360
1.358437
-1.781713
-1.582877
1.420154
-0.649841
-2.386857
0.743296
0.530704
-2.481873
-0.420160
1.303691
-1.837760
-1.632625
1.368366
-0.706108
-2.437748
0.694129
0.475671
-2.534423
-0.467792
1.251126
-1.891595
-1.680140
1.318821
-0.760104
-2.486343
0.647269
0.422965
-2.584614
-0.513055
1.200946
-1.943014
-1.725220
1.271718
-0.811631
-2.532443
0.602911
0.372782
-2.632253
-0.555753
1.153341
-1.991827
-1.767677
1.227247
-0.860500
-2.575861
0.561243
0.325307
-2.677156
-0.595704
1.108496
-2.037852
-1.807329
1.185588
-0.906533
-2.616420
0.522439
0.280715
-2.719148
-0.632736
1.066581
-2.080920
-1.844008
1.146907
-0.949563
-2.653954
0.486665
0.239169
-2.758068
-0.666687
1.027756
-2.120871
-1.877556
1.111362
-0.989436
-2.688309
0.454073
0.200821
-2.793765
-0.697408
0.992169
-2.157559
-1.907828
1.079096
-1.026009
-2.719345
0.424804
0.165809
-2.826102
-0.724764
0.959954
-2.190850
-1.934692
1.050241
-1.059151
-2.746932
0.398983
0.134259
-2.854954
-0.748631
0.931234
-2.220625
-1.958028
1.024912
-1.088748
-2.770957
0.376724
0.106282
-2.880212
-0.768900
0.906114
-2.246777
-1.977734
1.003214
-1.114697
-2.791318
0.358127
0.081977
-2.901779
-0.785478
0.884690
-2.269214
-1.993716
0.985237
-1.136910
-2.807930
0.343276
0.061426
-2.919573
-0.798283
0.867040
-2.287860
-2.005901
0.971053
-1.155315
-2.820722
0.332240
0.044699
-2.933528
-0.807250
0.853228
-2.302650
-2.014227
0.960723
-1.169854
-2.829636
0.325076
0.031848
-2.943591
-0.812329
0.843301
-2.313540
-2.018649
0.954290
-1.180484
-2.834632
0.321821
0.022911
-2.949727
-0.813484
0.837295
-2.320495
-2.019136
0.951784
-1.187178
-2.835685
0.322500
0.017910
-2.951913
-0.810698
0.835226
-2.323501
-2.015673
0.953218
-1.189925
-2.832784
0.327123
0.016854
-2.950146
-0.803965
0.837097
-2.322557
-2.008262
0.958588
-1.188728
-2.825934
0.335680
0.019732
-2.944435
-0.793298
0.842895
-2.317677
-1.996919
0.967877
-1.183607
-2.815158
0.348151
0.026522
-2.934806
-0.778724
0.852590
-2.308892
-1.981675
0.981052
-1.174597
-2.800491
0.364496
0.037182
-2.921299
-0.760286
0.866138
-2.296247
-1.962579
0.998064
-1.161749
-2.781986
0.384662
0.051659
-2.903973
-0.738041
0.883481
-2.279804
-1.939693
1.018849
-1.145127
-2.759709
0.408582
0.069882
-2.882897
-0.712063
0.904543
-2.259639
-1.913093
1.043327
-1.124812
-2.733742
0.436170
0.091767
-2.858159
-0.682439
0.929235
-2.235842
-1.882873
1.071405
-1.100900
-2.704183
0.467331
0.117214
-2.829858
-0.649272
0.957454
-2.208518
-1.849139
1.102976
-1.073499
-2.671140
0.501950
0.146110
-2.798110
-0.612678
0.989082
-2.177786
-1.812010
1.137918
-1.042732
-2.634739
0.539904
0.178327
-2.763044
-0.572786
1.023989
-2.143778
-1.771621
1.176096
-1.008736
-2.595118
0.581053
0.213727
-2.724800
-0.529739
1.062029
-2.106640
-1.728119
1.217361
-0.971660
-2.552426
0.625245
0.252155
-2.683532
-0.483692
1.103048
-2.066528
-1.681660
1.261555
-0.931664
-2.506825
0.672318
0.293448
-2.639406
-0.434812
1.146877
-2.023614
-1.632418
1.308506
-0.888921
-2.458490
0.722096
0.337430
-2.592600
-0.383278
1.193336
-1.978075
-1.580571
1.358031
-0.843615
-2.407606
0.774393
0.383913
-2.543301
-0.329278
1.242236
-1.930105
-1.526313
1.409937
-0.795940
-2.354365
0.829014
0.432702
-2.491706
-0.273011
1.293377
-1.879901
-1.469845
1.464023
-0.746097
-2.298974
0.885755
0.483590
-2.438022
-0.214683
1.346552
-1.827674
-1.411376
1.520078
-0.694300
-2.241643
0.944402
0.536365
-2.382463
-0.154511
1.401545
-1.773641
-1.351124
1.577883
-0.640767
-2.182593
1.004734
0.590803
-2.325252
-0.092716
1.458131
-1.718025
-1.289313
1.637213
-0.585723
-2.122051
1.066524
0.646679
-2.266617
-0.029529
1.516081
-1.661058
-1.226176
1.697837
-0.529402
-2.060249
1.129540
0.703757
-2.206792
0.034816
1.575160
-1.602973
-1.161948
1.759517
-0.472040
-1.997424
1.193543
0.761800
-2.146017
0.100080
1.635128
-1.544013
-1.096868
1.822014
-0.413878
-1.933819
1.258290
0.820566
-2.084533
0.166020
1.695742
-1.484419
-1.031183
1.885082
-0.355161
-1.869677
1.323538
0.879808
-2.022586
0.232390
1.756757
-1.424439
-0.965136
1.948476
-0.296135
-1.805246
1.389040
0.939281
-1.960424
0.298944
1.817925
-1.364319
-0.898976
2.011948
-0.237048
-1.740773
1.454547
0.998737
-1.898293
0.365432
1.878997
-1.304308
-0.832952
2.075249
-0.178147
-1.676506
1.519812
1.057926
-1.836443
0.431608
1.939727
-1.244653
-0.767309
2.138134
-0.119681
-1.612693
1.584587
1.116604
-1.775118
0.497225
1.999867
-1.185600
-0.702295
2.200355
-0.061894
-1.549578
1.648629
1.174525
-1.714565
0.562038
2.059175
-1.127392
-0.638153
2.261670
-0.005030
-1.487404
1.711693
1.231447
-1.655025
0.625807
2.117409
-1.070272
-0.575123
2.321839
0.050673
-1.426411
1.773543
1.287132
-1.596734
0.688295
2.174333
-1.014473
-0.513440
2.380628
0.104980
-1.366831
1.833944
1.341347
-1.539926
0.749268
2.229715
-0.960228
-0.453335
2.437805
0.157662
-1.308893
1.892669
1.393865
-1.484827
0.808503
2.283330
-0.907760
-0.395031
2.493149
0.208496
-1.252821
1.949497
1.444466
-1.431657
0.865778
2.334960
-0.857288
-0.338746
2.546442
0.257267
-1.198827
2.004213
1.492937
-1.380628
0.920884
2.384394
-0.809021
-0.284688
2.597478
0.303767
-1.147118
2.056612
1.539072
-1.331944
0.973617
2.431430
-0.763160
-0.233059
2.646056
0.347799
-1.097892
2.106498
1.582676
-1.285799
1.023783
2.475875
-0.719896
-0.184047
2.691987
0.389174
-1.051337
2.153684
1.623565
-1.242378
1.071199
2.517548
-0.679412
-0.137833
2.735093
0.427714
-1.007628
2.197994
1.661563
-1.201854
1.115694
2.556277
-0.641877
-0.094587
2.775204
0.463252
-0.966932
2.239265
1.696508
-1.164389
1.157105
2.591902
-0.607449
-0.054466
2.812165
0.495633
-0.929403
2.277343
1.728247
-1.130134
1.195284
2.624276
-0.576276
-0.017614
2.845833
0.524715
-0.895181
2.312089
1.756642
-1.099226
1.230095
2.653264
-0.548489
0.015835
2.876076
0.550369
-0.864396
2.343375
1.781568
-1.071789
1.261416
2.678745
-0.524210
0.045764
2.902777
0.572477
-0.837160
2.371088
1.802913
-1.047932
1.289136
2.700611
-0.503545
0.072068
2.925833
0.590940
-0.813576
2.395131
1.820579
-1.027754
1.313162
2.718768
-0.486585
0.094655
2.945155
0.605668
-0.793728
2.415417
1.834484
-1.011334
1.333413
2.733139
-0.473408
0.113452
2.960668
0.616590
-0.777689
2.431877
1.844558
-0.998741
1.349824
2.743658
-0.464075
0.128395
2.972313
0.623647
-0.765514
2.444456
1.850750
-0.990025
1.362345
2.750278
-0.458635
0.139441
2.980047
0.626797
-0.757245
2.453116
1.853020
-0.985223
1.370941
2.752966
-0.457118
0.146558
2.983840
0.626013
-0.752906
2.457831
1.851347
-0.984355
1.375592
2.751703
-0.459542
0.149733
2.983680
0.621283
-0.752509
2.458594
1.845723
-0.987428
1.376295
2.746488
-0.465905
0.148966
2.979569
0.612612
-0.756047
2.455411
1.836158
-0.994431
1.373062
2.737333
-0.476195
0.144274
2.971524
0.600019
-0.763499
2.448306
1.822676
-1.005337
1.365920
2.724269
-0.490379
0.135688
2.959581
0.583539
-0.774828
2.437316
1.805316
-1.020107
1.354912
2.707338
-0.508412
0.123256
2.943787
0.563223
-0.789984
2.422495
1.784133
-1.038682
1.340095
2.686601
-0.530234
0.107041
2.924207
0.539137
-0.808897
2.403912
1.759198
-1.060992
1.321544
2.662133
-0.555768
0.087120
2.900919
0.511360
-0.831488
2.381650
1.730595
-1.086951
1.299345
2.634022
-0.584923
0.063585
2.874017
0.479988
-0.857658
2.355807
1.698425
-1.116456
1.273601
2.602372
-0.617594
0.036542
2.843610
0.445130
-0.887298
2.326495
1.662799
-1.149395
1.244429
2.567301
-0.653662
0.006113
2.809818
0.406910
-0.920282
2.293840
1.623846
-1.185637
1.211957
2.528939
-0.692996
-0.027569
2.772778
0.365463
-0.956475
2.257980
1.581706
-1.225042
1.176328
2.487432
-0.735449
-0.064359
2.732636
0.320938
-0.995724
2.219068
1.536531
-1.267456
1.137699
2.442935
-0.780864
-0.104096
2.689552
0.273497
-1.037868
2.177266
1.488485
-1.312713
1.096235
2.395616
-0.829072
-0.146611
2.643698
0.223313
-1.082733
2.132749
1.437746
-1.360636
1.052115
2.345655
-0.879892
-0.191722
2.595258
0.170569
-1.130134
2.085704
1.384500
-1.411037
1.005528
2.293241
-0.933134
-0.239237
2.544422
0.115459
-1.179878
2.036326
1.328943
-1.463718
0.956672
2.238574
-0.988597
-0.288956
2.491394
0.058185
-1.231759
1.984819
1.271281
-1.518474
0.905754
2.181862
-1.046072
-0.340668
2.436384
-0.001040
-1.285565
1.931397
1.211728
-1.575089
0.852990
2.123322
-1.105342
-0.394156
2.379611
-0.061998
-1.341077
1.876280
1.150506
-1.633341
0.798603
2.063177
-1.166184
-0.449194
2.321300
-0.124462
-1.398068
1.819696
1.087842
-1.693001
0.742822
2.001656
-1.228366
-0.505552
2.261683
-0.188200
-1.456306
1.761878
1.023969
-1.753836
0.685882
1.938995
-1.291652
-0.562994
2.200996
-0.252975
-1.515551
1.703063
0.959128
-1.815607
0.628021
1.875433
-1.355804
-0.621280
2.139480
-0.318546
-1.575564
1.643495
0.893559
-1.878070
0.569483
1.811214
-1.420577
-0.680164
2.077380
-0.384669
-1.636100
1.583417
0.827508
-1.940982
0.510513
1.746584
-1.485726
-0.739402
2.014941
-0.451096
-1.696911
1.523077
0.761222
-2.004094
0.451359
1.681789
-1.551002
-0.798746
1.952411
-0.517581
-1.757750
1.462721
0.694948
-2.067158
0.392268
1.617078
-1.616159
-0.857948
1.890038
-0.583876
-1.818370
1.402599
0.628936
-2.129927
0.333488
1.552699
-1.680947
-0.916760
1.828070
-0.649732
-1.878522
1.342958
0.563430
-2.192155
0.275266
1.488898
-1.745122
-0.974936
1.766752
-0.714905
-1.937962
1.284041
0.498677
-2.253596
0.217846
1.425918
-1.808440
-1.032234
1.706328
-0.779151
-1.996448
1.226091
0.434919
-2.314009
0.161469
1.364001
-1.870659
-1.088412
1.647036
-0.842232
-2.053740
1.169348
0.372392
-2.373157
0.106371
1.303383
-1.931544
-1.143236
1.589112
-0.903913
-2.109605
1.114043
0.311330
-2.430808
0.052786
1.244295
-1.990865
-1.196476
1.532787
-0.963965
-2.163813
1.060405
0.251960
-2.486733
0.000938
1.186964
-2.048397
-1.247907
1.478282
-1.022165
-2.216144
1.008656
0.194503
-2.540715
-0.048952
1.131606
-2.103921
-1.297312
1.425814
-1.078298
-2.266382
0.959008
0.139172
-2.592541
-0.096675
1.078433
-2.157229
-1.344483
1.375591
-1.132157
-2.314322
0.911668
0.086171
-2.642006
-0.142027
1.027646
-2.208119
-1.389219
1.327812
-1.183543
-2.359766
0.866832
0.035696
-2.688917
-0.184814
0.979439
-2.256399
-1.431331
1.282667
-1.232268
-2.402526
0.824685
-0.012068
-2.733090
-0.224854
0.933992
-2.301890
-1.470638
1.240334
-1.278155
-2.442426
0.785405
-0.056947
-2.774350
-0.261974
0.891479
-2.344420
-1.506971
1.200983
-1.321036
-2.479301
0.749154
-0.098776
-2.812536
-0.296012
0.852057
-2.383831
-1.540173
1.164767
-1.360756
-2.512995
0.716086
-0.137405
-2.847498
-0.326821
0.815875
-2.419976
-1.570098
1.131832
-1.397173
-2.543370
0.686341
-0.172695
-2.879098
-0.354265
0.783068
-2.452723
-1.596615
1.102309
-1.430158
-2.570295
0.660045
-0.204522
-2.907212
-0.378220
0.753756
-2.481952
-1.619606
1.076313
-1.459595
-2.593658
0.637312
-0.232772
-2.931731
-0.398578
0.728048
-2.507555
-1.638965
1.053949
-1.485381
-2.613357
0.618239
-0.257349
-2.952557
-0.415244
0.706036
-2.529443
-1.654602
1.035306
-1.507430
-2.629306
0.602913
-0.278169
-2.969610
-0.428138
0.687799
-2.547536
-1.666442
1.020457
-1.525669
-2.641435
0.591402
-0.295164
-2.982823
-0.437195
0.673402
-2.561773
-1.674423
1.009462
-1.540039
-2.649686
0.583761
-0.308281
-2.992143
-0.442365
0.662891
-2.572108
-1.678501
1.002365
-1.550500
-2.654020
0.580029
-0.317483
-2.997536
-0.443613
0.656302
-2.578508
-1.678645
0.999195
-1.557022
-2.654411
0.580232
-0.322746
-2.998979
-0.440920
0.653650
-2.580957
-1.674841
0.999963
-1.559596
-2.650849
0.584375
-0.324065
-2.996468
-0.434282
0.654939
-2.579455
-1.667090
1.004669
-1.558225
-2.643339
0.592454
-0.321448
-2.990013
-0.423711
0.660155
-2.574017
-1.655408
1.013293
-1.552929
-2.631904
0.604443
-0.314918
-2.979640
-0.409234
0.669269
-2.564673
-1.639827
1.025802
-1.543743
-2.616578
0.620307
-0.304517
-2.965391
-0.390895
0.682237
-2.551469
-1.620395
1.042147
-1.530718
-2.597416
0.639990
-0.290299
-2.947321
-0.368752
0.698998
-2.534467
-1.597175
1.062264
-1.513919
-2.574483
0.663424
-0.272334
-2.925504
-0.342878
0.719479
-2.513742
-1.570244
1.086074
-1.493427
-2.547863
0.690526
-0.250707
-2.900024
-0.313360
0.743590
-2.489385
-1.539695
1.113482
-1.469337
-2.517650
0.721197
-0.225518
-2.870983
-0.280301
0.771226
-2.461502
-1.505634
1.144382
-1.441758
-2.483957
0.755326
-0.196880
-2.838496
-0.243817
0.802272
-2.430211
-1.468181
1.178652
-1.410813
-2.446908
0.792786
-0.164921
-2.802692
-0.204039
0.836595
-2.395645
-1.427470
1.216155
-1.376639
-2.406640
0.833440
-0.129780
-2.763711
-0.161108
0.874052
-2.357949
-1.383648
1.256745
-1.339384
-2.363303
0.877134
-0.091610
-2.721708
-0.115181
0.914485
-2.317280
-1.336874
1.300262
-1.299211
-2.317061
0.923706
-0.050576
-2.676849
-0.066424
0.957728
-2.273810
-1.287318
1.346533
-1.256291
-2.268087
0.972980
-0.006854
-2.629310
-0.015015
1.003599
-2.227716
-1.235162
1.395377
-1.210809
-2.216565
1.024771
0.039369
-2.579281
0.038856
1.051911
-2.179191
-1.180597
1.446600
-1.162958
-2.162691
1.078884
0.087896
-2.526958
0.094992
1.102463
-2.128435
-1.123825
1.500000
-1.112941
-2.106668
1.135112
0.138523
-2.472547
0.153184
1.155046
-2.075656
-1.065055
1.555367
-1.060969
-2.048708
1.193244
0.191034
-2.416264
0.213218
1.209446
-2.021072
-1.004506
1.612482
-1.007263
-1.989033
1.253058
0.245209
-2.358331
0.274870
1.265437
-1.964908
-0.942403
1.671119
-0.952047
-1.927868
1.314327
0.300820
-2.298976
0.337911
1.322791
-1.907392
-0.878976
1.731048
-0.895555
-1.865446
1.376818
0.357632
-2.238434
0.402106
1.381272
-1.848762
-0.814461
1.792030
-0.838023
-1.802004
1.440293
0.415407
-2.176943
0.467217
1.440641
-1.789257
-0.749099
1.853826
-0.779692
-1.737785
1.504510
0.473904
-2.114746
0.532999
1.500654
-1.729121
-0.683135
1.916192
-0.720807
-1.673034
1.569223
0.532877
-2.052089
0.599209
1.561065
-1.668599
-0.616813
1.978880
-0.661615
-1.607995
1.634187
0.592079
-1.989218
0.665597
1.621628
-1.607940
-0.550382
2.041644
-0.602362
-1.542918
1.699153
0.651262
-1.926382
0.731917
1.682094
-1.547390
-0.484090
2.104236
-0.543298
-1.478051
1.763873
0.710178
-1.863827
0.797921
1.742215
-1.487199
-0.418184
2.166407
-0.484668
-1.413640
1.828101
0.768581
-1.801802
0.863362
1.801746
-1.427611
-0.352909
2.227913
-0.426720
-1.349931
1.891591
0.826226
-1.740550
0.927995
1.860442
-1.368870
-0.288511
2.288509
-0.369694
-1.287166
1.954101
0.882871
-1.680313
0.991581
1.918062
-1.311217
-0.225227
2.347958
-0.313832
-1.225583
2.015393
0.938278
-1.621328
1.053881
1.974371
-1.254888
-0.163295
2.406023
-0.259366
-1.165418
2.075233
0.992214
-1.563827
1.114664
2.029136
-1.200114
-0.102944
2.462475
-0.206527
-1.106899
2.133394
1.044452
-1.508038
1.173704
2.082133
-1.147119
-0.044398
2.517091
-0.155536
-1.050247
2.189655
1.094771
-1.454180
1.230782
2.133143
-1.096120
0.012126
2.569655
-0.106609
-0.995676
2.243801
1.142960
-1.402466
1.285686
2.181955
-1.047328
0.066420
2.619959
-0.059953
-0.943394
2.295627
1.188812
-1.353098
1.338215
2.228369
-1.000943
0.118282
2.667803
-0.015767
-0.893597
2.344938
1.232133
-1.306271
1.388173
2.272191
-0.957157
0.167524
2.712998
0.025762
-0.846472
2.391546
1.272738
-1.262169
1.435379
2.313240
-0.916150
0.213964
2.755366
0.064456
-0.802198
2.435275
1.310452
-1.220966
1.479660
2.351343
-0.878094
0.257433
2.794738
0.100147
-0.760938
2.475963
1.345111
-1.182824
1.520855
2.386342
-0.843146
0.297775
2.830958
0.132682
-0.722847
2.513455
1.376565
-1.147893
1.558815
2.418089
-0.811452
0.334845
2.863883
0.161917
-0.688066
2.547613
1.404675
-1.116310
1.593404
2.446450
-0.783146
0.368510
2.893383
0.187723
-0.656722
2.578310
1.429316
-1.088199
1.624501
2.471303
-0.758348
0.398653
2.919339
0.209985
-0.628931
2.605432
1.450377
-1.063671
1.651995
2.492540
-0.737164
0.425167
2.941649
0.228601
-0.604793
2.628881
1.467759
-1.042820
1.675792
2.510069
-0.719685
0.447964
2.960224
0.243484
-0.584392
2.648572
1.481379
-1.025730
1.695812
2.523811
-0.705988
0.466967
2.974989
0.254560
-0.567802
2.664436
1.491171
-1.012465
1.711991
2.533703
-0.696136
0.482116
2.985887
0.261773
-0.555077
2.676418
1.497079
-1.003079
1.724278
2.539696
-0.690176
0.493365
2.992872
0.265079
-0.546259
2.684478
1.499068
-0.997607
1.732637
2.541756
-0.688139
0.500685
2.995916
0.264453
-0.541372
2.688593
1.497114
-0.996070
1.737052
2.539867
-0.690041
0.504061
2.995007
0.259882
-0.540428
2.688756
1.491212
-0.998473
1.737516
2.534026
-0.695882
0.503493
2.990147
0.251371
-0.543419
2.684972
1.481369
-1.004805
1.734044
2.524246
-0.705648
0.498999
2.981354
0.238940
-0.550325
2.677265
1.467610
-1.015042
1.726661
2.510558
-0.719308
0.490611
2.968663
0.222624
-0.561109
2.665673
1.449976
-1.029140
1.715412
2.493005
-0.736816
0.478377
2.952121
0.202473
-0.575718
2.650250
1.428521
-1.047044
1.700353
2.471647
-0.758110
0.462358
2.931794
0.178554
-0.594086
2.631064
1.403315
-1.068681
1.681560
2.446559
-0.783115
0.442633
2.907760
0.150947
-0.616131
2.608200
1.374444
-1.093966
1.659118
2.417831
-0.811740
0.419294
2.880113
0.119747
-0.641755
2.581755
1.342008
-1.122797
1.633132
2.385565
-0.843878
0.392447
2.848962
0.085064
-0.670848
2.551841
1.306119
-1.155059
1.603716
2.349880
-0.879412
0.362214
2.814428
0.047020
-0.703286
2.518585
1.266905
-1.190625
1.571001
2.310907
-0.918209
0.328727
2.776646
0.005752
-0.738930
2.482125
1.224506
-1.229351
1.535130
2.268790
-0.960123
0.292134
2.735764
-0.038590
-0.777631
2.442612
1.179076
-1.271085
1.496259
2.223686
-1.004996
0.252593
2.691942
-0.085845
-0.819226
2.400211
1.130778
-1.315660
1.454553
2.175763
-1.052660
0.210275
2.645352
-0.135841
-0.863541
2.355097
1.079790
-1.362899
1.410192
2.125200
-1.102933
0.165362
2.596177
-0.188393
-0.910390
2.307455
1.026298
-1.412614
1.363364
2.072187
-1.155625
0.118045
2.544609
-0.243309
-0.959581
2.257481
0.970498
-1.464607
1.314268
2.016924
-1.210536
0.068525
2.490850
-0.300384
-1.010908
2.205380
0.912597
-1.518673
1.263112
1.959619
-1.267456
0.017013
2.435112
-0.359408
-1.064159
2.151365
0.852808
-1.574595
1.210110
1.900489
-1.326168
-0.036274
2.377613
-0.420160
-1.119115
2.095657
0.791353
-1.632153
1.155486
1.839756
-1.386448
-0.091111
2.318578
-0.482415
-1.175547
2.038484
0.728460
-1.691117
1.099469
1.777651
-1.448065
-0.147266
2.258239
-0.545941
-1.233224
1.980077
0.664363
-1.751253
1.042293
1.714409
-1.510784
-0.204504
2.196833
-0.610500
-1.291909
1.920676
0.599299
-1.812322
0.984199
1.650269
-1.574365
-0.262584
2.134601
-0.675852
-1.351358
1.860523
0.533513
-1.874082
0.925428
1.585476
-1.638564
-0.321262
2.071786
-0.741751
-1.411329
1.799862
0.467248
-1.936287
0.866227
1.520274
-1.703136
-0.380293
2.008635
-0.807952
-1.471574
1.738940
0.400751
-1.998690
0.806842
1.454912
-1.767832
-0.439428
1.945396
-0.874206
-1.531845
1.678005
0.334271
-2.061043
0.747523
1.389636
-1.832404
-0.498419
1.882317
-0.940265
-1.591895
1.617305
0.268056
-2.123099
0.688515
1.324695
-1.896606
-0.557020
1.819644
-1.005883
-1.651476
1.557086
0.202351
-2.184610
0.630067
1.260336
-1.960190
-0.614984
1.757625
-1.070814
-1.710343
1.497595
0.137403
-2.245333
0.572421
1.196801
-2.022914
-0.672068
1.696501
-1.134815
-1.768254
1.439072
0.073453
-2.305025
0.515819
1.134333
-2.084537
-0.728032
1.636512
-1.197646
-1.824969
1.381757
0.010738
-2.363450
0.460499
1.073166
-2.144823
-0.782641
1.577894
-1.259074
-1.880256
1.325882
-0.050509
-2.420374
0.406691
1.013533
-2.203541
-0.835664
1.520876
-1.318870
-1.933886
1.271676
-0.110059
-2.475573
0.354623
0.955659
-2.260467
-0.886877
1.465681
-1.376810
-1.985636
1.219360
-0.167694
-2.528825
0.304511
0.899762
-2.315383
-0.936064
1.412525
-1.432679
-2.035292
1.169147
-0.223199
-2.579918
0.256569
0.846052
-2.368079
-0.983016
1.361617
-1.486272
-2.082649
1.121242
-0.276371
-2.628650
0.210999
0.794732
-2.418355
-1.027533
1.313154
-1.537388
-2.127509
1.075842
-0.327013
-2.674826
0.167993
0.745993
-2.466019
-1.069424
1.267327
-1.585841
-2.169684
1.033133
-0.374942
-2.718261
0.127736
0.700018
-2.510890
-1.108510
1.224315
-1.631451
-2.208998
0.993292
-0.419982
-2.758782
0.090399
0.656979
-2.552799
-1.144622
1.184285
-1.674053
-2.245285
0.956481
-0.461970
-2.796228
0.056144
0.617033
-2.591586
-1.177602
1.147393
-1.713492
-2.278393
0.922853
-0.500755
-2.830447
0.025118
0.580330
-2.627106
-1.207306
1.113782
-1.749625
-2.308179
0.892549
-0.536199
-2.861304
-0.002542
0.547004
-2.659225
-1.233602
1.083585
-1.782324
-2.334516
0.865694
-0.568176
-2.888675
-0.026714
0.517175
-2.687823
-1.256371
1.056916
-1.811472
-2.357290
0.842402
-0.596574
-2.912448
-0.047289
0.490951
-2.712795
-1.275509
1.033880
-1.836967
-2.376401
0.822772
-0.621297
-2.932528
-0.064173
0.468425
-2.734049
-1.290926
1.014566
-1.858723
-2.391761
0.806887
-0.642262
-2.948835
-0.077285
0.449676
-2.751508
-1.302546
0.999047
-1.876666
-2.403302
0.794818
-0.659400
-2.961300
-0.086560
0.434768
-2.765110
-1.310308
0.987382
-1.890740
-2.410965
0.786619
-0.672658
-2.969873
-0.091950
0.423748
-2.774807
-1.314168
0.979616
-1.900902
-2.414712
0.782329
-0.681998
-2.974517
-0.093418
0.416650
-2.780569
-1.314095
0.975777
-1.907125
-2.414516
0.781971
-0.687399
-2.975213
-0.090946
0.413491
-2.782380
-1.310075
0.975876
-1.909398
-2.410368
0.785555
-0.688854
-2.971954
-0.084531
0.414273
-2.780239
-1.302109
0.979913
-1.907725
-2.402273
0.793072
-0.686372
-2.964752
-0.074184
0.418983
-2.774160
-1.290214
0.987868
-1.902126
-2.390253
0.804500
-0.679977
-2.953632
-0.059933
0.427592
-2.764176
-1.274422
0.999708
-1.892636
-2.374346
0.819800
-0.669709
-2.938636
-0.041822
0.440054
-2.750332
-1.254781
1.015383
-1.879306
-2.354602
0.838919
-0.655623
-2.919821
-0.019908
0.456311
-2.732689
-1.231354
1.034830
-1.862202
-2.331090
0.861787
-0.637791
-2.897259
0.005735
0.476286
-2.711324
-1.204217
1.057968
-1.841404
-2.303892
0.888321
-0.616296
-2.871035
0.035019
0.499892
-2.686328
-1.173465
1.084705
-1.817008
-2.273104
0.918423
-0.591238
-2.841252
0.067842
0.527024
-2.657805
-1.139203
1.114932
-1.789123
-2.238837
0.951981
-0.562732
-2.808024
0.104087
0.557563
-2.625875
-1.101552
1.148527
-1.757873
-2.201216
0.988868
-0.530904
-2.771479
0.143624
0.591380
-2.590671
-1.060646
1.185355
-1.723393
-2.160378
1.028946
-0.495894
-2.731760
0.186311
0.628330
-2.552337
-1.016632
1.225268
-1.685834
-2.116475
1.072063
-0.457856
-2.689021
0.231992
0.668256
-2.511033
-0.969668
1.268106
-1.645355
-2.069668
1.118055
-0.416955
-2.643427
0.280499
0.710990
-2.466926
-0.919926
1.313697
-1.602132
-2.020132
1.166747
-0.373366
-2.595156
0.331655
0.756352
-2.420199
-0.867586
1.361858
-1.556346
-1.968052
1.217953
-0.327277
-2.544396
0.385271
0.804153
-2.371041
-0.812842
1.412397
-1.508192
-1.913622
1.271477
-0.278883
-2.491344
0.441147
0.854193
-2.319653
-0.755893
1.465112
-1.457873
-1.857046
1.327115
-0.228392
-2.436207
0.499077
0.906264
-2.266244
-0.696950
1.519791
-1.405600
-1.798536
1.384654
-0.176016
-2.379201
0.558845
0.960149
-2.211032
-0.636232
1.576216
-1.351594
-1.738314
1.443871
-0.121978
-2.320546
0.620227
1.015625
-2.154240
-0.573962
1.634161
-1.296079
-1.676605
1.504541
-0.066506
-2.260472
0.682995
1.072462
-2.096099
-0.510373
1.693395
-1.239289
-1.613643
1.566430
-0.009832
-2.199213
0.746914
1.130425
-2.036845
-0.445699
1.753681
-1.181460
-1.549665
1.629299
0.047803
-2.137008
0.811745
1.189274
-1.976719
-0.380183
1.814778
-1.122834
-1.484912
1.692907
0.106159
-2.074100
0.877243
1.248765
-1.915962
-0.314067
1.876443
-1.063655
-1.419630
1.757009
0.164990
-2.010733
0.943165
1.308653
-1.854822
-0.247598
1.938428
-1.004170
-1.354064
1.821358
0.224048
-1.947156
1.009263
1.368691
-1.793546
-0.181023
2.000486
-0.944625
-1.288464
1.885706
0.283087
-1.883616
1.075288
1.428631
-1.732382
-0.114591
2.062369
-0.885270
-1.223076
1.949805
0.341857
-1.820361
1.140993
1.488224
-1.671577
-0.048549
2.123830
-0.826352
-1.158148
2.013408
0.400113
-1.757637
1.206131
1.547225
-1.611378
0.016858
2.184623
-0.768115
-1.093925
2.076271
0.457610
-1.695689
1.270459
1.605390
-1.552028
0.081385
2.244505
-0.710803
-1.030650
2.138151
0.514106
-1.634759
1.333735
1.662478
-1.493768
0.144793
2.303236
-0.654655
-0.968561
2.198810
0.569362
-1.575083
1.395722
1.718253
-1.436833
0.206847
2.360582
-0.599905
-0.907892
2.258014
0.623147
-1.516894
1.456188
1.772483
-1.381454
0.267316
2.416313
-0.546782
-0.848872
2.315536
0.675233
-1.460420
1.514908
1.824943
-1.327856
0.325976
2.470205
-0.495509
-0.791722
2.371154
0.725400
-1.405878
1.571663
1.875416
-1.276257
0.382611
2.522043
-0.446300
-0.736657
2.424655
0.773434
-1.353482
1.626241
1.923689
-1.226865
0.437011
2.571619
-0.399364
-0.683883
2.475834
0.819132
-1.303435
1.678439
1.969563
-1.179881
0.488978
2.618734
-0.354897
-0.633598
2.524495
0.862299
-1.255930
1.728065
2.012844
-1.135498
0.538320
2.663199
-0.313089
-0.585987
2.570450
0.902748
-1.211154
1.774935
2.053351
-1.093895
0.584858
2.704834
-0.274116
-0.541229
2.613525
0.940306
-1.169278
1.818877
2.090912
-1.055244
0.628423
2.743472
-0.238146
-0.499489
2.653556
0.974809
-1.130464
1.859730
2.125368
-1.019701
0.668857
2.778958
-0.205334
-0.460920
2.690389
1.006107
-1.094863
1.897346
2.156572
-0.987414
0.706016
2.811147
-0.175820
-0.425662
2.723886
1.034061
-1.062612
1.931589
2.184388
-0.958515
0.739768
2.839909
-0.149736
-0.393845
2.753920
1.058546
-1.033834
1.962336
2.208697
-0.933125
0.769995
2.865127
-0.127196
-0.365582
2.780377
1.079450
-1.008639
1.989479
2.229390
-0.911348
0.796591
2.886698
-0.108301
-0.340973
2.803160
1.096677
-0.987124
2.012923
2.246375
-0.893278
0.819468
2.904533
-0.093140
-0.320104
2.822184
1.110143
-0.969370
2.032588
2.259574
-0.878990
0.838549
2.918558
-0.081784
-0.303047
2.837379
1.119780
-0.955443
2.048410
2.268922
-0.868546
0.853774
2.928715
-0.074292
-0.289857
2.848691
1.125536
-0.945394
2.060337
2.274371
-0.861994
0.865098
2.934960
-0.070704
-0.280574
2.856080
1.127372
-0.939260
2.068337
2.275889
-0.859364
0.872490
2.937264
-0.071049
-0.275225
2.859524
1.125267
-0.937061
2.072390
2.273459
-0.860673
0.875937
2.935614
-0.075336
-0.273818
2.859014
1.119215
-0.938803
2.072492
2.267077
-0.865921
0.875440
2.930014
-0.083563
-0.276348
2.854558
1.109224
-0.944474
2.068656
2.256759
-0.875093
0.871015
2.920482
-0.095708
-0.282794
2.846178
1.095319
-0.954049
2.060909
2.242532
-0.888158
0.862696
2.907051
-0.111737
-0.293118
2.833913
1.077539
-0.967485
2.049295
2.224443
-0.905069
0.850528
2.889771
-0.131598
-0.307267
2.817817
1.055942
-0.984727
2.033871
2.202550
-0.925765
0.834576
2.868707
-0.155226
-0.325176
2.797959
1.030595
-1.005701
2.014711
2.176929
-0.950171
0.814918
2.843937
-0.182540
-0.346761
2.774422
1.001586
-1.030323
1.991903
2.147669
-0.978194
0.791645
2.815555
-0.213445
-0.371926
2.747305
0.969013
-1.058490
1.965550
2.114875
-1.009731
0.764864
2.783670
-0.247831
-0.400559
2.716720
0.932991
-1.090087
1.935769
2.078663
-1.044660
0.734696
2.748404
-0.285574
-0.432537
2.682793
0.893646
-1.124986
1.902688
2.039165
-1.082850
0.701275
2.709892
-0.326539
-0.467721
2.645663
0.851119
-1.163045
1.866451
1.996527
-1.124156
0.664748
2.668281
-0.370575
-0.505961
2.605482
0.805563
-1.204109
1.827214
1.950903
-1.168419
0.625274
2.623732
-0.417522
-0.547093
2.562413
0.757144
-1.248014
1.785144
1.902463
-1.215469
0.583023
2.576418
-0.467206
-0.590945
2.516632
0.706037
-1.294580
1.740419
1.851386
-1.265127
0.538177
2.526520
-0.519444
-0.637332
2.468325
0.652429
-1.343622
1.693227
1.797863
-1.317202
0.490928
2.474232
-0.574042
-0.686058
2.417688
0.596516
-1.394940
1.643769
1.742092
-1.371492
0.441477
2.419755
-0.630797
-0.736919
2.364925
0.538506
-1.448328
1.592251
1.684282
-1.427788
0.390034
2.363301
-0.689496
-0.789703
2.310249
0.478612
-1.503571
1.538889
1.624649
-1.485874
0.336818
2.305089
-0.749921
-0.844190
2.253882
0.417055
-1.560447
1.483905
1.563418
-1.545525
0.282053
2.245344
-0.811845
-0.900153
2.196051
0.354064
-1.618728
1.427530
1.500818
-1.606511
0.225970
2.184297
-0.875036
-0.957360
2.136989
0.289872
-1.678178
1.369997
1.437084
-1.668596
0.168805
2.122185
-0.939257
-1.015572
2.076935
0.224718
-1.738560
1.311547
1.372456
-1.731539
0.110800
2.059250
-1.004267
-1.074548
2.016130
0.158844
-1.799630
1.252422
1.307177
-1.795097
0.052197
1.995735
-1.069821
-1.134043
1.954819
0.092495
-1.861142
1.192867
1.241494
-1.859025
-0.006757
1.931887
-1.135673
-1.193811
1.893249
0.025920
-1.922851
1.133131
1.175654
-1.923074
-0.065814
1.867954
-1.201574
-1.253604
1.831668
-0.040636
-1.984508
1.073461
1.109904
-1.986997
-0.124726
1.804183
-1.267277
-1.313174
1.770324
-0.106923
-2.045865
1.014104
1.044492
-2.050546
-0.183247
1.740822
-1.332535
-1.372274
1.709464
-0.172696
-2.106676
0.955307
0.979665
-2.113474
-0.241130
1.678116
-1.397102
-1.430659
1.649332
-0.237709
-2.166695
0.897315
0.915666
-2.175540
-0.298131
1.616308
-1.460736
-1.488085
1.590171
-0.301720
-2.225682
0.840368
0.852736
-2.236501
-0.354012
1.555639
-1.523197
-1.544316
1.532219
-0.364492
-2.283400
0.784703
0.791112
-2.296122
-0.408536
1.496343
-1.584251
-1.599116
1.475710
-0.425791
-2.339616
0.730552
0.731025
-2.354173
-0.461473
1.438649
-1.643669
-1.652257
1.420871
-0.485391
-2.394103
0.678141
0.672699
-2.410428
-0.512600
1.382780
-1.701228
-1.703518
1.367923
-0.543072
-2.446642
0.627689
0.616354
-2.464671
-0.561700
1.328954
-1.756714
-1.752685
1.317080
-0.598620
-2.497021
0.579407
0.562200
-2.516692
-0.608564
1.277377
-1.809919
-1.799550
1.268547
-0.651831
-2.545036
0.533497
0.510438
-2.566290
-0.652992
1.228248
-1.860645
-1.843917
1.222520
-0.702510
-2.590493
0.490153
0.461260
-2.613274
-0.694795
1.181757
-1.908704
-1.885600
1.179186
-0.750472
-2.633209
0.449558
0.414849
-2.657463
-0.733791
1.138082
-1.953919
-1.924420
1.138720
-0.795542
-2.673009
0.411884
0.371376
-2.698687
-0.769813
1.097392
-1.996122
-1.960213
1.101286
-0.837557
-2.709733
0.377291
0.331000
-2.736787
-0.802704
1.059842
-2.035159
-1.992826
1.067036
-0.876366
-2.743229
0.345928
0.293868
-2.771618
-0.832318
1.025575
-2.070888
-2.022117
1.036110
-0.911832
-2.773362
0.317931
0.260115
-2.803047
-0.858524
0.994722
-2.103180
-2.047959
1.008634
-0.943828
-2.800007
0.293423
0.229862
-2.830953
-0.881204
0.967400
-2.131919
-2.070238
0.984722
-0.972244
-2.823054
0.272511
0.203216
-2.855232
-0.900253
0.943711
-2.157004
-2.088853
0.964471
-0.996981
-2.842409
0.255291
0.180271
-2.875791
-0.915580
0.923746
-2.178347
-2.103719
0.947967
-1.017958
-2.857988
0.241841
0.161103
-2.892554
-0.927112
0.907576
-2.195876
-2.114765
0.935278
-1.035106
-2.869726
0.232228
0.145778
-2.905458
-0.934787
0.895262
-2.209534
-2.121935
0.926459
-1.048373
-2.877572
0.226500
0.134343
-2.914458
-0.938561
0.886847
-2.219278
-2.125188
0.921550
-1.057721
-2.881489
0.224692
0.126830
-2.919521
-0.938402
0.882359
-2.225082
-2.124499
0.920572
-1.063128
-2.881458
0.226823
0.123259
-2.920632
-0.934298
0.881811
-2.226935
-2.119860
0.923535
-1.064587
-2.877472
0.232897
0.123629
-2.917791
-0.926250
0.885200
-2.224841
-2.111275
0.930431
-1.062108
-2.869544
0.242901
0.127928
-2.911013
-0.914274
0.892508
-2.218820
-2.098766
0.941237
-1.055715
-2.857699
0.256807
0.136125
-2.900329
-0.898403
0.903700
-2.208907
-2.082371
0.955914
-1.045448
-2.841978
0.274572
0.148178
-2.885785
-0.878685
0.918727
-2.195154
-2.062141
0.974408
-1.031363
-2.822440
0.296138
0.164024
-2.867442
-0.855182
0.937526
-2.177627
-2.038145
0.996651
-1.013531
-2.799155
0.321431
0.183591
-2.845377
-0.827973
0.960015
-2.156405
-2.010465
1.022559
-0.992035
-2.772210
0.350363
0.206787
-2.819682
-0.797150
0.986103
-2.131585
-1.979197
1.052033
-0.966977
-2.741707
0.382832
0.233509
-2.790461
-0.762820
1.015679
-2.103276
-1.944452
1.084960
-0.938470
-2.707761
0.418720
0.263639
-2.757833
-0.725103
1.048623
-2.071602
-1.906355
1.121216
-0.906641
-2.670500
0.457899
0.297046
-2.721932
-0.684134
1.084799
-2.036699
-1.865045
1.160660
-0.871631
-2.630066
0.500224
0.333585
-2.682903
-0.640060
1.124058
-1.998717
-1.820671
1.203141
-0.833593
-2.586614
0.545540
0.373100
-2.640904
-0.593039
1.166242
-1.957816
-1.773397
1.248495
-0.792691
-2.540309
0.593681
0.415423
-2.596105
-0.543243
1.211177
-1.914171
-1.723397
1.296547
-0.749103
-2.491330
0.644466
0.460372
-2.548686
-0.490852
1.258681
-1.867964
-1.670854
1.347110
-0.703014
-2.439864
0.697709
0.507760
-2.498837
-0.436060
1.308560
-1.819390
-1.615965
1.399990
-0.654623
-2.386108
0.753209
0.557386
-2.446761
-0.379067
1.360614
-1.768652
-1.558933
1.454980
-0.604134
-2.330270
0.810759
0.609041
-2.392665
-0.320084
1.414630
-1.715962
-1.499972
1.511868
-0.551762
-2.272565
0.870144
0.662509
-2.336768
-0.259328
1.470391
-1.661538
-1.439300
1.570433
-0.497728
-2.213214
0.931140
0.717568
-2.279292
-0.197026
1.527670
-1.605608
-1.377146
1.630447
-0.442260
-2.152447
0.993519
0.773985
-2.220470
-0.133406
1.586235
-1.548403
-1.313741
1.691678
-0.385593
-2.090497
1.057045
0.831528
-2.160537
-0.068707
1.645851
-1.490162
-1.249324
1.753886
-0.327965
-2.027605
1.121478
0.889955
-2.099732
-0.003168
1.706276
-1.431124
-1.184136
1.816830
-0.269618
-1.964011
1.186577
0.949023
-2.038300
0.062966
1.767266
-1.371534
-1.118422
1.880264
-0.210797
-1.899963
1.252095
1.008487
-1.976487
0.129450
1.828574
-1.311639
-1.052428
1.943943
-0.151749
-1.835707
1.317785
1.068099
-1.914539
0.196035
1.889953
-1.251688
-0.986403
2.007618
-0.092722
-1.771490
1.383399
1.127611
-1.852706
0.262475
1.951156
-1.191926
-0.920594
2.071042
-0.033964
-1.707561
1.448690
1.186775
-1.791234
0.328520
2.011934
-1.132603
-0.855248
2.133967
0.024278
-1.644167
1.513410
1.245346
-1.730369
0.393926
2.072042
-1.073963
-0.790611
2.196148
0.081759
-1.581551
1.577317
1.303080
-1.670356
0.458449
2.131237
-1.016248
-0.726925
2.257343
0.138238
-1.519956
1.640167
1.359735
-1.611434
0.521849
2.189279
-0.959699
-0.664429
2.317315
0.193478
-1.459618
1.701726
1.415076
-1.553840
0.583891
2.245934
-0.904549
-0.603356
2.375829
0.247245
-1.400770
1.761761
1.468871
-1.497804
0.644345
2.300972
-0.851028
-0.543936
2.432659
0.299312
-1.343638
1.820046
1.520894
-1.443550
0.702986
2.354170
-0.799357
-0.486389
2.487582
0.349458
-1.288442
1.876362
1.570929
-1.391296
0.759598
2.405312
-0.749752
-0.430930
2.540386
0.397472
-1.235394
1.930498
1.618765
-1.341251
0.813973
2.454191
-0.702420
-0.377765
2.590865
0.443149
-1.184697
1.982252
1.664199
-1.293617
0.865911
2.500606
-0.657559
-0.327091
2.638823
0.486293
-1.136546
2.031430
1.707040
-1.248584
0.915221
2.544370
-0.615356
-0.279096
2.684074
0.526720
-1.091124
2.077850
1.747106
-1.206334
0.961724
2.585303
-0.575991
-0.233956
2.726442
0.564255
-1.048605
2.121339
1.784226
-1.167035
1.005250
2.623238
-0.539628
-0.191836
2.765764
0.598736
-1.009151
2.161736
1.818240
-1.130847
1.045643
2.658019
-0.506423
-0.152889
2.801887
0.630010
-0.972911
2.198894
1.849001
-1.097915
1.082758
2.689503
-0.476518
-0.117257
2.834671
0.657941
-0.940023
2.232676
1.876376
-1.068372
1.116464
2.717559
-0.450042
-0.085068
2.863991
0.682403
-0.910609
2.262961
1.900242
-1.042339
1.146642
2.742070
-0.427110
-0.056434
2.889734
0.703285
-0.884780
2.289639
1.920493
-1.019920
1.173187
2.762934
-0.407823
-0.031458
2.911800
0.720490
-0.862632
2.312616
1.937036
-1.001207
1.196011
2.780062
-0.392270
-0.010223
2.930106
0.733934
-0.844246
2.331812
1.949793
-0.986277
1.215036
2.793379
-0.380521
0.007199
2.944582
0.743550
-0.829689
2.347164
1.958700
-0.975192
1.230204
2.802829
-0.372636
0.020752
2.955175
0.749286
-0.819010
2.358620
1.963709
-0.967998
1.241469
2.808365
-0.368654
0.030396
2.961844
0.751103
-0.812247
2.366147
1.964788
-0.964727
1.248801
2.809962
-0.368604
0.036105
2.964567
0.748981
-0.809420
2.369725
1.961918
-0.965394
1.252186
2.807605
-0.372496
0.037871
2.963336
0.742912
-0.810534
2.369352
1.955099
-0.969999
1.251626
2.801298
-0.380325
0.035699
2.958158
0.732906
-0.815577
2.365040
1.944345
-0.978528
1.247137
2.791060
-0.392072
0.029611
2.949057
0.718988
-0.824524
2.356816
1.929684
-0.990949
1.238752
2.776925
-0.407701
0.019644
2.936071
0.701197
-0.837333
2.344724
1.911162
-1.007215
1.226519
2.758941
-0.427161
0.005850
2.919254
0.679590
-0.853947
2.328822
1.888838
-1.027266
1.210500
2.737173
-0.450386
-0.011703
2.898675
0.654236
-0.874293
2.309185
1.862788
-1.051025
1.190774
2.711702
-0.477295
-0.032933
2.874418
0.625222
-0.898286
2.285899
1.833101
-1.078400
1.167434
2.682620
-0.507792
-0.057742
2.846581
0.592646
-0.925824
2.259068
1.799881
-1.109286
1.140586
2.650037
-0.541768
-0.086020
2.815278
0.556624
-0.956791
2.228809
1.763247
-1.143564
1.110350
2.614074
-0.579100
-0.117642
2.780633
0.517282
-0.991059
2.195250
1.723329
-1.181101
1.076862
2.574867
-0.619650
-0.152470
2.742786
0.474760
-1.028486
2.158537
1.680273
-1.221752
1.040267
2.532564
-0.663270
-0.190353
2.701890
0.429213
-1.068918
2.118823
1.634235
-1.265358
1.000726
2.487325
-0.709797
-0.231129
2.658107
0.380805
-1.112188
2.076277
1.585383
-1.311749
0.958408
2.439322
-0.759059
-0.274623
2.611614
0.329712
-1.158119
2.031077
1.533898
-1.360746
0.913496
2.388738
-0.810872
-0.320651
2.562596
0.276122
-1.206523
1.983412
1.479968
-1.412156
0.866181
2.335767
-0.865041
-0.369018
2.511249
0.220230
-1.257203
1.933480
1.423795
-1.465780
0.816666
2.280609
-0.921365
-0.419519
2.457779
0.162245
-1.309951
1.881490
1.365585
-1.521409
0.765159
2.223477
-0.979629
-0.471942
2.402397
0.102378
-1.364552
1.827657
1.305557
-1.578824
0.711880
2.164589
-1.039616
-0.526067
2.345327
0.040853
-1.420785
1.772204
1.243933
-1.637801
0.657052
2.104171
-1.101099
-0.581666
2.286794
-0.022103
-1.478420
1.715360
1.180944
-1.698111
0.600908
2.042455
-1.163846
-0.638508
2.227033
-0.086256
-1.537223
1.657361
1.116824
-1.759516
0.543684
1.979676
-1.227619
-0.696354
2.166281
-0.151367
-1.596955
1.598445
1.051814
-1.821778
0.485619
1.916077
-1.292177
-0.754962
2.104780
-0.217194
-1.657374
1.538855
0.986158
-1.884652
0.426959
1.851901
-1.357276
-0.814089
2.042776
-0.283492
-1.718234
1.478838
0.920100
-1.947892
0.367948
1.787395
-1.422670
-0.873487
1.980515
-0.350014
-1.779288
1.418641
0.853888
-2.011251
0.308836
1.722806
-1.488109
-0.932909
1.918245
-0.416512
-1.840287
1.358511
0.787770
-2.074481
0.249869
1.658383
-1.553347
-0.992106
1.856214
-0.482738
-1.900985
1.298696
0.721994
-2.137334
0.191295
1.594373
-1.618136
-1.050832
1.794669
-0.548444
-1.961135
1.239442
0.656807
-2.199564
0.133360
1.531021
-1.682231
-1.108841
1.733854
-0.613388
-2.020492
1.180994
0.592451
-2.260929
0.076307
1.468570
-1.745389
-1.165891
1.674013
-0.677326
-2.078814
1.123593
0.529168
-2.321186
0.020377
1.407260
-1.807371
-1.221744
1.615383
-0.740021
-2.135865
1.067476
0.467194
-2.380101
-0.034196
1.347326
-1.867942
-1.276165
1.558197
-0.801240
-2.191412
1.012874
0.406761
-2.437443
-0.087182
1.288998
-1.926874
-1.328927
1.502684
-0.860757
-2.245230
0.960012
0.348092
-2.492987
-0.138356
1.232498
-1.983945
-1.379807
1.449063
-0.918350
-2.297097
0.909111
0.291408
-2.546516
-0.187502
1.178042
-2.038938
-1.428591
1.397549
-0.973807
-2.346803
0.860381
0.236917
-2.597820
-0.234412
1.125838
-2.091648
-1.475074
1.348347
-1.026924
-2.394143
0.814024
0.184821
-2.646700
-0.278886
1.076085
-2.141876
-1.519057
1.301653
-1.077506
-2.438925
0.770234
0.135313
-2.692963
-0.320733
1.028972
-2.189434
-1.560355
1.257653
-1.125367
-2.480963
0.729193
0.088575
-2.736429
-0.359774
0.984678
-2.234145
-1.598791
1.216522
-1.170333
-2.520085
0.691074
0.044777
-2.776928
-0.395840
0.943370
-2.275842
-1.634199
1.178425
-1.212242
-2.556129
0.656037
0.004079
-2.814302
-0.428774
0.905204
-2.314371
-1.666426
1.143513
-1.250942
-2.588945
0.624231
-0.033372
-2.848405
-0.458432
0.870324
-2.349589
-1.695331
1.111926
-1.286296
-2.618397
0.595791
-0.067442
-2.879104
-0.484681
0.838859
-2.381368
-1.720788
1.083790
-1.318178
-2.644360
0.570839
-0.098010
-2.906280
-0.507405
0.810927
-2.409592
-1.742680
1.059219
-1.346476
-2.666726
0.549484
-0.124968
-2.929826
-0.526498
0.786630
-2.434159
-1.760910
1.038310
-1.371095
-2.685397
0.531820
-0.148224
-2.949652
-0.541871
0.766057
-2.454983
-1.775391
1.021147
-1.391951
-2.700294
0.517927
-0.167700
-2.965680
-0.553448
0.749282
-2.471992
-1.786052
1.007801
-1.408976
-2.711350
0.507870
-0.183332
-2.977850
-0.561169
0.736363
-2.485128
-1.792838
0.998325
-1.422118
-2.718513
0.501697
-0.195073
-2.986113
-0.564990
0.727344
-2.494348
-1.795708
0.992757
-1.431339
-2.721748
0.499444
-0.202889
-2.990440
-0.564880
0.722253
-2.499628
-1.794637
0.991122
-1.436618
-2.721035
0.501129
-0.206763
-2.990815
-0.560826
0.721102
-2.500955
-1.789617
0.993427
-1.437948
-2.716368
0.506756
-0.206694
-2.987237
-0.552828
0.723889
-2.498335
-1.780652
0.999665
-1.435339
-2.707759
0.516311
-0.202696
-2.979722
-0.540905
0.730595
-2.491786
-1.767766
1.009812
-1.428815
-2.695235
0.529767
-0.194798
-2.968301
-0.525088
0.741185
-2.481346
-1.750994
1.023830
-1.418416
-2.678836
0.547081
-0.183045
-2.953021
-0.505426
0.755611
-2.467065
-1.730390
1.041664
-1.404198
-2.658620
0.568195
-0.167497
-2.933942
-0.481981
0.773808
-2.449009
-1.706021
1.063246
-1.386232
-2.634659
0.593033
-0.148228
-2.911142
-0.454833
0.795695
-2.427259
-1.677969
1.088491
-1.364603
-2.607040
0.621509
-0.125330
-2.884712
-0.424072
0.821180
-2.401911
-1.646333
1.117301
-1.339411
-2.575864
0.653519
-0.098906
-2.854757
-0.389807
0.850154
-2.373074
-1.611222
1.149563
-1.310769
-2.541247
0.688947
-0.069074
-2.821397
-0.352159
0.882494
-2.340872
-1.572762
1.185152
-1.278806
-2.503317
0.727662
-0.035965
-2.784765
-0.311260
0.918065
-2.305442
-1.531090
1.223928
-1.243662
-2.462217
0.769522
0.000276
-2.745006
-0.267259
0.956719
-2.266933
-1.486359
1.265738
-1.205490
-2.418100
0.814370
0.039492
-2.702278
-0.220315
0.998296
-2.225507
-1.438729
1.310420
-1.164455
-2.371133
0.862040
0.081515
-2.656751
-0.170598
1.042623
-2.181336
-1.388376
1.357798
-1.120734
-2.321494
0.912352
0.126164
-2.608606
-0.118290
1.089518
-2.134605
-1.335484
1.407685
-1.074513
-2.269370
0.965118
0.173251
-2.558034
-0.063584
1.138787
-2.085508
-1.280249
1.459886
-1.025990
-2.214960
1.020139
0.222575
-2.505236
-0.006680
1.190229
-2.034248
-1.222875
1.514196
-0.975370
-2.158470
1.077206
0.273928
-2.450420
0.052210
1.243632
-1.981036
-1.163573
1.570401
-0.922868
-2.100115
1.136106
0.327092
-2.393804
0.112869
1.298777
-1.926093
-1.102566
1.628280
-0.868705
-2.040118
1.196613
0.381846
-2.335613
0.175072
1.355439
-1.869645
-1.040079
1.687606
-0.813109
-1.978708
1.258500
0.437958
-2.276077
0.238588
1.413386
-1.811924
-0.976345
1.748146
-0.756315
-1.916118
1.321530
0.495193
-2.215432
0.303180
1.472382
-1.753167
-0.911602
1.809660
-0.698561
-1.852588
1.385465
0.553312
-2.153918
0.368608
1.532185
-1.693615
-0.846093
1.871908
-0.640089
-1.788360
1.450061
0.612070
-2.091779
0.434627
1.592550
-1.633513
-0.780060
1.934645
-0.581144
-1.723680
1.515074
0.671223
-2.029261
0.500993
1.653233
-1.573108
-0.713752
1.997622
-0.521974
-1.658796
1.580255
0.730523
-1.966610
0.567456
1.713985
-1.512647
-0.647416
2.060593
-0.462826
-1.593954
1.645357
0.789722
-1.904076
0.633769
1.774558
-1.452378
-0.581300
2.123310
-0.403948
-1.529403
1.710132
0.848572
-1.841906
0.699684
1.834705
-1.392548
-0.515651
2.185526
-0.345587
-1.465390
1.774333
0.906827
-1.780346
0.764956
1.894180
-1.333403
-0.450714
2.246995
-0.287988
-1.402158
1.837717
0.964243
-1.719639
0.829342
1.952740
-1.275186
-0.386732
2.307476
-0.231391
-1.339950
1.900042
1.020580
-1.660026
0.892601
2.010146
-1.218135
-0.323943
2.366731
-0.176036
-1.279002
1.961071
1.075602
-1.601743
0.954498
2.066162
-1.162485
-0.262581
2.424526
-0.122155
-1.219548
2.020574
1.129076
-1.545019
1.014803
2.120561
-1.108464
-0.202875
2.480633
-0.069974
-1.161812
2.078323
1.180778
-1.490080
1.073293
2.173117
-1.056296
-0.145046
2.534832
-0.019714
-1.106015
2.134101
1.230491
-1.437143
1.129750
2.223616
-1.006195
-0.089308
2.586909
0.028412
-1.052368
2.187696
1.278003
-1.386418
1.183966
2.271850
-0.958367
-0.035867
2.636660
0.074200
-1.001076
2.238905
1.323113
-1.338104
1.235742
2.317620
-0.913012
0.015079
2.683887
0.117456
-0.952331
2.287537
1.365630
-1.292394
1.284887
2.360737
-0.870316
0.063344
2.728405
0.157993
-0.906319
2.333406
1.405370
-1.249467
1.331221
2.401023
-0.830458
0.108751
2.770039
0.195638
-0.863211
2.376343
1.442164
-1.209494
1.374576
2.438309
-0.793603
0.151134
2.808625
0.230228
-0.823171
2.416186
1.475853
-1.172632
1.414796
2.472440
-0.759907
0.190342
2.844010
0.261613
-0.786347
2.452786
1.506288
-1.139028
1.451734
2.503274
-0.729511
0.226232
2.876055
0.289654
-0.752876
2.486009
1.533336
-1.108815
1.485261
2.530679
-0.702544
0.258678
2.904634
0.314226
-0.722882
2.515732
1.556876
-1.082111
1.515257
2.554539
-0.679121
0.287565
2.929635
0.335217
-0.696475
2.541846
1.576801
-1.059023
1.541618
2.574751
-0.659345
0.312794
2.950958
0.352532
-0.673749
2.564258
1.593019
-1.039642
1.564256
2.591227
-0.643301
0.334278
2.968520
0.366088
-0.654788
2.582888
1.605450
-1.024045
1.583093
2.603892
-0.631062
0.351948
2.982252
0.375816
-0.639655
2.597671
1.614033
-1.012292
1.598071
2.612690
-0.622685
0.365747
2.992099
0.381664
-0.628404
2.608558
1.618718
-1.004431
1.609145
2.617575
-0.618212
0.375635
2.998023
0.383595
-0.621068
2.615514
1.619474
-1.000493
1.616284
2.618521
-0.617670
0.381588
3.000000
